4325
4425
4643
2429
4498
3550
4775
3086
4353
4524
4830
4862
4918
1113
1339
1417
707
7431
4889
779
6640
8220
566
1926
138
4311
1751
2810
4219
7534
14668
6829
17939
4382
10305
4544
16107
3527
5956
7372
3374
3510
1885
16454
4822
14414
16574
13688
7002
15345
1617
16200
10218
14190
10408
1802
6543
12077
7092
12516
4553
13841
12772
7454
7811
10794
8171
8712
7924
3541
3467
4515
16102
15790
7592
5380
6558
4612
1087
15633
4310
9075
13660
16165
4402
7209
6461
2892
2168
13378
14584
2696
4549
7997
4123
14436
17788
15630
8991
16607
17109
358
5938
15510
14355
15409
3712
13050
15927
7336
14775
10989
4680
5222
3013
16902
8489
5680
15997
2853
14841
3078
5852
5584
6753
9507
14818
15738
15692
2267
11779
6281
16625
1383
8452
11480
3748
830
3921
5170
17782
5608
2583
600
9320
3203
12956
2606
4275
6870
17838
7544
245
3453
13385
7280
13157
6498
14681
5265
12513
16586
2407
18014
18089
18100
17093
13772
8264
13727
12861
2992
1100
8979
14963
907
15641
350
4039
16639
4280
9194
16898
13781
11566
8501
17126
15809
16579
4764
6810
16463
16317
1508
4749
5560
7468
9233
6764
17876
895
820
2100
7053
16451
9660
3958
14966
15591
4952
12629
2320
5879
16853
1822
12157
3836
1960
16900
4812
11932
6608
3190
13019
17191
8415
17554
11602
6361
4912
1628
14796
16480
2280
14827
1006
11001
8387
16020
8584
2247
5903
349
7304
3783
4195
12536
997
17270
15789
11659
10502
8364
16373
7941
17772
2321
17786
17303
7964
8044
16550
13997
3261
6821
3275
4632
12409
174
5339
17306
236
9900
6883
646
14781
7128
4684
14848
10490
5428
1401
4800
13256
16630
9089
1940
14705
10558
7913
436
11067
16111
16350
2617
6536
6048
14297
1868
16320
14569
5118
13381
6090
11945
1727
18036
7103
8908
2605
10006
15393
3238
17570
8429
1296
5148
9915
17545
12806
1561
17103
13752
3060
589
11606
12961
12298
15214
7305
12940
7340
12616
4041
1448
9290
1026
16573
13188
6527
14451
12667
6570
8776
7654
14669
8065
843
12783
5878
4168
9550
17889
9104
7229
16460
4273
14364
568
6274
9564
7168
14541
2259
5131
16564
5291
7797
11448
17344
104
13101
15173
15688
2626
15915
13963
2536
15932
12579
832
9141
14981
13260
15921
2549
17551
8248
12466
3678
9275
17470
1258
4009
10158
6773
5841
13875
4920
14780
13017
16672
17341
14409
6142
14974
6563
11196
5883
17445
3356
5617
7114
16213
373
2799
13749
11462
8545
6675
16465
14794
3427
12491
11080
12921
16678
13981
5329
11245
9103
6414
8254
14860
5574
2362
1159
18062
12320
4715
12141
7399
10458
14995
8950
13949
6468
1440
15903
12150
16306
17562
5591
4395
1184
14953
15696
4576
6528
11800
1249
16283
3102
11728
14194
9834
11483
643
11070
15929
7235
14008
8743
6290
14922
5489
14859
6020
2864
17540
14385
1320
1839
12001
15635
12618
5157
8327
14828
15837
17555
3855
8557
7682
11351
1102
6754
14468
17676
13238
8328
5074
8972
8774
14958
18033
2216
16026
3732
17841
18096
2136
9400
3386
14697
13712
14949
14991
14832
7844
139
4652
14545
9883
10081
15815
12789
4583
8132
13162
17055
17493
8256
14793
15395
8820
17830
14840
5088
8239
18073
6975
13657
12659
15825
4580
9106
13947
16634
11168
6042
10394
4240
15584
7417
16379
3300
7285
14067
18098
2219
2205
6784
15298
2591
6902
13040
15104
16580
14969
16665
1777
5548
14861
1664
12569
13729
13015
8632
14992
7536
3894
2954
17736
17852
14372
4913
14817
8129
14910
15694
6423
15231
7154
15045
16939
17417
17774
16173
8843
15695
10168
4171
15626
12520
6891
10690
3626
6061
18032
6831
11481
6935
4458
8427
9683
4998
2505
14446
5404
4340
5127
5441
14312
6355
340
13122
5328
10074
16459
9066
15190
2878
9219
7573
4954
841
10261
1858
3677
16978
9169
15636
770
17013
6051
2408
14222
17530
2032
17696
7177
15003
55
16800
8593
1472
2010
8932
8147
8773
3126
15995
15340
6217
13475
804
2350
1902
1599
16189
14307
12539
12005
9158
2486
4863
2930
16312
2902
8180
7514
12807
14822
12594
4957
14066
17842
10856
5142
17016
11927
3104
2059
7795
8005
2339
14807
17537
3940
17117
7155
6812
12455
8405
9921
16015
4754
14839
3173
5710
15355
76
2308
17114
17308
7675
757
4938
5736
4352
11787
1658
8228
30
12976
17181
12610
17635
15600
4633
7200
3023
12027
8070
12049
14623
3031
8367
17223
2338
3693
2727
16039
5049
17008
3216
14935
8263
13380
3407
10530
16109
5327
12538
9260
13422
16885
16671
9246
6565
12661
16209
10332
7060
13008
3795
13179
2110
18077
3528
17857
11562
13309
16597
10486
6238
1124
11208
13160
12906
12787
17373
9085
6439
2344
15782
5408
11167
17962
19
1372
2967
159
12180
3819
9329
15758
14043
5252
12463
5654
12991
15407
996
7398
3945
10437
17357
14782
6779
16570
1732
3330
6931
16134
17288
4736
1078
9350
17993
7243
2900
14986
15028
12353
3376
16374
1549
94
186
14597
16664
3987
1794
699
8960
3206
8912
15576
14135
2535
2615
6300
14236
17268
7877
15002
10837
9077
4729
1350
11285
12341
13159
13084
1958
10868
17865
1684
18022
5593
13387
8896
2623
10186
9601
12489
13116
215
6689
13445
16926
7432
17768
11402
3905
15520
14456
3079
4901
15617
15038
4919
4934
13684
3651
14179
3205
5814
13569
1301
4255
12795
2269
17519
7587
14980
5262
644
12894
5243
3650
9475
3180
2238
882
4774
2527
7420
8402
5916
4058
7314
3050
2890
7270
8536
4707
17845
3037
10399
10356
3316
7895
11046
3046
6688
4772
7093
17973
6972
14921
1886
13258
4522
5583
4017
4629
10600
14511
18058
2091
17895
400
12276
12879
9397
14800
5195
7840
8454
14368
3624
5777
13191
3680
15456
13923
7616
3805
2518
5277
3731
16426
16115
5665
10543
14244
12595
1709
2947
1205
3002
7772
9913
11943
12396
11112
1619
11826
3353
10804
7571
8664
8734
12085
8992
13096
14867
13643
9234
14810
15377
12245
5190
8817
2910
2761
13247
14487
15528
9802
9134
507
14666
8331
208
3797
17770
13094
13652
4539
15984
13830
57
16196
18010
462
13377
12585
13990
15857
4641
13842
14756
13109
15683
13149
6206
10443
6490
13536
9410
14850
387
2398
16005
6775
17387
4708
17583
14192
16006
1671
2542
13645
1601
13058
1815
14327
12930
17089
4442
5394
17441
1699
477
13118
8840
16760
17623
6922
13801
6324
12731
15360
11801
9384
12901
14084
8693
14849
5582
17340
15884
16205
4179
4358
2784
35
3610
16233
14615
13490
9224
6649
4582
17158
4511
10773
3480
13216
4899
9705
5968
9095
17479
16542
8662
16146
3397
17884
520
14837
17309
8616
6495
10772
3817
9916
14999
6210
1402
6538
17937
5471
5774
2647
10503
7504
2250
12602
5616
13998
5179
9079
17262
13035
5159
10346
3487
4319
14803
7810
6785
2354
5200
69
4399
3119
8751
15950
8933
4272
7261
10092
2901
14959
15849
3280
14390
5242
13039
7535
7732
11569
16310
10385
2800
4750
3266
5558
8899
16043
9460
14722
2893
8895
5981
6863
14816
7230
16199
16942
8736
5765
5400
15218
2712
6360
16792
17837
14484
4024
8398
11694
16202
2277
7826
3871
9607
13018
4609
14733
2440
4617
13261
140
9577
256
4768
1134
9991
3184
15315
292
2822
1167
10578
15529
4040
10413
4453
3572
16417
16709
7180
13163
7225
5994
6409
13884
6104
4942
6854
17065
8144
1870
5838
13132
12061
4653
11835
15770
9244
4631
13022
14858
338
15425
13573
1203
8238
7557
16329
6940
8939
880
7188
7695
9455
9859
17663
9464
13251
5909
13739
7737
9292
12699
14092
10099
5470
17777
4257
4023
16958
7377
1804
15023
8080
13776
7105
6545
16023
7244
17831
1418
9582
14654
18043
2256
4813
8008
11816
4781
14784
7979
562
15547
8249
709
12281
3231
14826
765
16970
12646
3360
12290
16659
9195
16007
369
11881
15667
6550
3299
10770
16083
5592
15323
10460
14852
4126
5514
12337
1717
1079
10863
5293
1712
7255
13594
9336
5306
180
3388
17593
5412
1702
6074
11708
13412
13905
15286
13925
1895
1638
14844
4079
11917
17795
6768
12834
10018
5350
1321
1551
5103
8443
5684
16325
14237
7369
4282
3399
13414
4142
16677
7615
17345
1085
16341
2294
6255
12127
12155
3024
13321
5474
15516
9328
8590
9324
3980
3125
15742
2960
538
11170
17338
11020
402
14598
17125
7254
15943
5696
9124
6609
15938
8951
10608
1995
10401
9433
13250
5164
13245
11766
5419
3884
12913
3158
8770
9052
6192
9799
3953
3312
15204
16009
3061
5162
5761
5084
17691
4351
15628
14096
7985
16961
1694
6892
10923
5316
3866
8675
8583
6398
3785
12371
1941
2498
7397
6747
16785
12912
15075
609
3634
7527
14036
1910
13193
17947
5108
8491
13980
16001
7868
7492
1981
3988
7322
5597
11591
13848
8232
6809
2288
4321
6408
16067
17435
3408
7825
14260
13076
6091
9417
11585
4298
130
6728
7003
10640
6176
9184
13361
286
1773
8088
4770
7383
5107
2931
129
2834
17729
188
2662
11029
14825
7163
8519
8356
3432
9471
5505
13000
10924
5729
515
5892
8666
12427
14458
16693
11905
2666
4440
12620
13683
3375
12888
15284
4371
16427
16104
3865
14764
16829
6678
18084
3542
1008
4118
15539
4370
4205
9643
1948
5003
6847
12495
5069
4278
7004
4640
2229
4367
2041
7247
1237
12782
14010
3159
8450
18027
1114
4621
4191
2658
808
16621
7865
12647
16590
1281
998
12900
16783
672
3111
3282
13732
1243
12766
17381
16637
4769
16933
15145
17150
2533
4091
11237
2894
6564
3331
2260
6164
17221
9529
12846
3975
5122
3822
6137
9622
56
8138
5795
6144
14857
8337
14955
16581
2551
17751
17112
8879
8842
2962
17134
12720
3974
15216
12711
12909
6837
9891
17849
6743
1644
6301
648
1681
13821
13911
11855
12721
6755
183
3348
6382
7697
1538
1037
3852
12515
7943
15459
8552
5711
8762
8569
12968
8277
8971
11838
17940
2682
2572
2984
5762
6329
1860
8159
464
4730
17066
563
14982
2734
13579
6277
1263
14677
13469
2968
5085
4338
1990
10913
3469
15791
16794
12686
13463
6967
5150
14993
17176
6651
2392
1273
15788
7905
9817
16904
6995
16957
7442
8649
341
16769
3767
12198
16217
6118
13941
1495
505
1575
16775
8922
13786
3298
8467
10101
8997
6571
3724
16016
9995
16368
12696
5353
8558
14570
15223
13921
13540
6161
3895
7747
14257
7634
13293
13410
14601
16335
656
3499
218
3573
5292
2104
7636
5572
9149
17161
2639
2289
7087
3284
7217
7162
15404
13815
7511
7502
9199
269
6407
5090
3359
12487
11908
4089
1907
1169
17552
6913
14333
7356
5598
4359
4048
17765
12898
17312
2352
4878
17617
10057
17703
7925
4885
3949
16658
1140
9092
17163
5161
5889
2956
5240
3837
1022
17910
5679
1496
4625
11319
12006
2098
153
8650
6307
17771
8057
6981
17711
9191
6092
5980
14001
14053
15015
13068
17197
4917
12883
17316
12492
5246
8887
6520
16181
8110
11189
7555
6989
9630
12824
17343
2526
1597
3605
1233
17669
2501
6846
3343
8126
9432
3491
3062
15000
15210
11526
1519
8173
13938
1171
16734
2706
14675
11920
17156
15755
14622
16837
9652
11626
10928
2997
15191
11548
17535
16392
7607
4637
11101
3972
2850
7256
4858
3488
3968
9525
9832
8397
734
7194
7072
2980
2826
13301
3705
12601
9180
14363
12877
12485
1710
11687
2359
2729
13467
10572
15841
7179
18023
11793
9612
16633
10678
7529
2416
10420
3670
17347
4015
2946
53
7447
13783
1769
3859
6401
306
7241
2239
7201
7620
16668
2703
3310
7202
3507
10954
10673
1122
8575
7618
2414
4960
2776
8748
16844
5742
6886
4796
12704
14353
11221
6686
10246
13927
9851
3030
17363
4624
10344
9138
10146
2145
12958
1884
2644
2413
9524
14805
2468
13449
9373
14752
17133
16669
1470
4290
167
14614
17834
6516
6129
13543
8947
6314
16069
14783
9839
8473
14863
10238
9078
12977
5815
5187
14481
5887
3066
7680
8848
8490
8403
9975
3194
10903
11155
13800
11871
4383
16803
11740
14270
4380
2612
17189
13497
14869
5130
2762
11256
12089
13788
13763
12147
17923
6997
2595
14019
9360
3320
7762
4503
4239
14643
16421
13703
16660
17266
9691
13667
7295
4426
8515
305
12566
8674
5496
7342
6139
16990
9024
8108
2048
14732
3189
2499
11367
13338
7079
1846
7593
17173
8952
1420
2752
9623
13100
3106
16984
3806
17124
1573
14970
5429
7150
13330
14514
1330
1713
2999
11903
1715
17021
17149
6179
1297
15049
7291
4587
5221
10240
696
5245
7026
12490
64
12955
6078
7386
1092
7669
8916
5931
190
6313
16121
8095
10
5562
1993
2282
8503
5048
14653
2690
8594
1630
2378
9331
12080
5145
5656
150
9811
8116
3893
15887
6060
12857
3148
12835
3262
10958
15120
2135
15889
5018
9792
11320
7205
2050
11036
6572
16485
13165
9716
12178
1518
7742
3234
6101
1711
13876
7263
16846
8504
163
4276
8027
15019
14283
3789
14251
4499
16628
2731
13136
7045
5278
9785
7518
9768
7051
3526
10682
10378
7352
18042
2198
16037
11593
11096
2796
16252
3765
317
5691
789
6703
13951
13495
6658
15388
5766
504
12897
12729
3355
17816
2649
6814
4521
7294
15717
9470
1067
13133
17500
8342
7186
11738
3582
4520
15122
1216
16720
5552
16467
9871
12321
7253
8488
8795
11370
15573
15741
2215
17678
5648
16994
6043
10687
6746
14580
446
11193
3096
17350
11553
3424
9053
11624
6102
16951
16793
7216
2264
1337
17232
7069
8031
9584
2335
7831
5682
2074
9692
3107
13108
3361
17877
13095
14490
8785
12856
7945
7860
15639
6756
7195
5963
11608
7227
12519
8293
14431
8168
2424
18097
322
5183
13446
6225
105
14842
4685
11936
17123
1729
15166
5735
17020
16882
8381
13311
1329
15382
14411
4655
18072
9208
8152
7670
8229
16420
14650
7378
4922
1550
356
10962
4020
15434
6229
8471
11754
4227
8739
14790
14729
17557
674
16293
15333
15424
2076
9578
1943
2567
6004
9330
9055
11705
8255
13957
16072
10487
17985
3468
3373
16292
8983
1456
12094
5534
6817
11470
13926
11199
12116
6195
6500
11350
1788
4984
4669
8373
11344
10921
1232
17137
1844
16453
359
2867
14435
12285
17082
15642
2489
5866
5002
8066
12908
5185
16741
1596
9021
7771
15213
2094
2828
1589
11451
10131
16722
12567
15657
14883
8821
14872
8417
16110
10251
16514
10453
9457
9004
3048
4877
1174
17916
11876
15515
3479
422
1922
8502
401
15401
8615
2588
4531
13745
5781
9270
2000
5013
11864
6813
10940
2570
12081
5191
15234
8221
7106
11964
3167
11227
12563
11432
9273
12108
780
8428
16676
18024
8484
7725
9759
484
5086
16457
3371
11532
2924
9620
11957
15020
13317
12388
2546
11767
16000
6218
8189
10492
12013
8391
13737
13194
14635
12728
3439
5034
14134
586
8186
579
1540
1859
11609
9674
988
4397
18041
1824
601
9917
9416
10683
15268
14325
5075
1066
4855
3933
5379
5022
15714
5513
11744
17186
3749
3878
8153
12046
4301
4180
17843
11950
13427
11947
17108
1734
12740
8954
7533
13570
15761
5060
3278
12119
2120
17271
6085
14319
2197
6070
12910
1739
13246
7823
15537
7439
985
13075
12008
2112
5995
14843
1005
633
12580
1455
5797
4450
6251
1674
9482
2492
15098
10874
383
6499
15036
16822
4054
5129
4972
2929
7415
8546
4668
13086
9486
6197
5451
17922
13610
10436
569
1123
11840
14687
11330
2911
7054
6671
228
4451
8276
14680
3804
16157
2511
514
11649
14678
6510
6573
3385
8816
10509
9822
14122
13741
14811
9305
10296
7853
7338
12280
17826
17413
14862
2188
2824
4890
5080
16773
590
5745
2513
5361
4828
8272
16661
13545
17276
3404
7779
894
3049
12745
835
3263
385
8811
10888
7251
981
10445
13004
17611
5405
14360
12253
10842
4627
5870
814
6228
11995
17427
847
8703
17374
16273
8709
5097
16263
3490
7146
4955
16751
2400
2412
3367
8338
4393
4859
4961
2955
17323
13384
9501
14563
2385
14639
8524
17945
7437
4472
5807
3317
1952
8458
8663
2225
13561
16149
11126
2704
5225
14934
7671
4673
16789
7947
86
8082
9906
4300
8431
2290
6023
6979
8270
4185
16348
16768
2730
15229
3301
6503
2203
14024
14330
14206
6729
4616
6005
15836
4727
14962
7586
14763
8163
5961
14915
9258
7283
5738
7614
15400
3293
13933
18031
13413
13696
3574
13053
17979
13577
12891
16256
1231
5140
2688
6064
11449
12390
11333
2303
7408
3778
116
17334
3020
13520
16893
16017
4762
5782
4872
5078
11091
9985
3714
15301
15971
2066
12723
908
11636
4468
8551
1701
670
3902
12759
2405
2365
10222
11980
12215
5721
13374
2672
3947
16472
9369
2916
16577
14486
15413
1574
9518
1021
6521
6663
11294
5681
11097
3430
10523
7963
17167
11987
1765
4789
14518
16601
13007
13774
160
7923
9241
8172
8156
9210
14865
831
6696
15873
10153
4318
1244
11965
2991
3682
5064
12197
8366
2258
7360
1929
11878
15318
606
10733
6710
16429
10354
15495
16323
13958
6173
10199
17106
1901
12102
1270
460
11154
7132
1259
15385
14676
9789
2582
13201
9552
17192
207
486
2768
13079
14682
17056
14329
16046
11471
3669
12761
1223
10721
6841
5229
15957
12517
11513
2367
13362
7897
9579
9014
447
4232
16342
11622
5776
15405
12481
8648
972
6765
14311
13721
10745
5796
16028
17502
2716
4197
12749
744
13526
13083
623
2319
15638
5234
16735
1071
8621
16572
2681
9737
17111
13912
15142
3684
3455
3026
142
10567
1378
6266
6853
6701
859
7627
13014
4628
2643
5971
11100
11086
14777
13124
12385
3694
9026
15391
12528
411
14294
2670
11476
7635
4906
13006
15774
4459
5625
3063
9562
8096
13355
4001
4105
1129
17892
5106
15574
87
14898
15137
4481
11179
5033
13278
2714
8788
5886
6874
12872
5893
11858
8196
2199
1526
12774
12457
1020
12999
8966
768
6086
14972
11023
4329
5826
16663
12831
10014
8633
693
2609
15011
2073
3646
12756
2240
17491
9421
17043
12801
12199
166
9137
6633
930
9088
17727
4977
296
4061
8247
9022
13196
14031
11655
16363
11711
1726
268
17773
14342
9347
457
1335
9670
11088
16076
11638
5156
6726
209
16925
11440
15235
16203
3146
17439
7870
8233
15464
6488
16140
13242
986
1730
1535
13054
16726
984
8213
12966
5964
974
8362
1088
2248
14417
3162
4260
7995
1209
16627
1105
10986
12541
10995
15065
13184
8826
15074
13795
5201
1718
16132
9156
14492
10774
3752
13546
11648
353
14547
11407
15182
2576
9310
5890
1161
7472
3588
13948
5748
7749
9074
6185
18085
17159
9452
4493
2584
5284
3154
13589
8959
3069
5522
7965
6282
2601
16381
7094
5877
16191
13586
4234
15663
15545
16375
6903
1744
2441
16635
7988
17110
9274
9110
4780
6833
16732
18048
13306
7861
13581
4417
6231
10667
13223
15196
8839
8570
11492
10181
13432
17718
9538
896
14472
17539
8869
13932
17251
2915
4570
16762
8867
10030
16378
4851
13418
14866
11577
7210
17424
11963
13313
11853
2453
8369
9009
330
9271
12675
1836
6166
1412
9566
2817
6221
5746
12808
7545
12124
3103
12803
3829
3233
7551
12967
17608
16356
15750
524
9151
89
11875
10781
325
8742
1000
1466
6080
17183
1460
845
9677
7857
11173
1462
6429
16916
8837
4910
8685
5366
16749
10309
14158
2587
8290
792
11160
2797
16878
1905
14423
3603
9738
7567
2764
2523
11079
13367
14137
6650
12415
9388
8609
725
14656
17499
519
919
15112
14120
8444
12859
1101
16623
6035
201
12676
13890
7896
10499
7782
12090
5307
17780
9100
4819
1181
15341
3909
18038
7631
1737
13985
15744
15342
14441
10193
13512
5828
4852
738
1036
8265
5734
3595
7211
7500
16506
13754
3911
16013
2331
8533
14299
6244
275
2820
11381
4354
8838
13093
1261
7569
14213
1236
428
10641
9769
2687
11299
15604
7667
13758
173
12627
7794
10865
6437
9868
4357
15408
15473
15005
13335
14123
12863
8042
14038
9121
7740
7655
3174
6177
13492
7739
10896
6033
1390
8880
4378
833
8289
15399
5490
13621
15979
5697
9434
15800
2854
2053
4042
5091
9618
2428
5502
1486
442
13423
9559
8160
862
17631
8728
7940
10019
12175
3417
16309
680
11302
16553
145
10426
10389
12865
15257
12624
2491
10955
4811
2093
16333
14804
10485
810
17085
4577
2977
12401
4014
10877
14904
15027
2873
3521
15776
1373
9315
12957
6843
8783
8510
9604
13662
7344
15719
13043
12232
1060
13276
12582
2382
11605
12920
4138
15261
9222
8023
8438
6376
2013
7758
13943
8165
7702
14689
16225
10270
5541
11958
16965
7554
2103
1306
6130
270
14751
10757
4554
16304
146
5649
14187
12024
15367
9003
871
1507
16239
15419
891
16907
14835
9245
12392
3442
9295
17697
14786
10275
13382
5063
3856
8696
6442
4287
8463
17715
3156
8105
8688
17685
7814
11629
16206
2726
4134
10742
5012
7137
7307
3279
10292
12031
6915
4198
5753
1458
13678
12557
9265
1325
4345
14812
2336
8380
9998
5885
14395
2087
11109
11006
5233
17687
4510
265
12452
9997
7240
13103
7303
16155
4702
15410
9496
7696
16018
2285
12896
17098
5610
13978
13458
10004
1693
6362
2165
11954
8047
3524
15432
11527
14109
16982
5368
2638
7024
14929
12040
3076
9469
18093
16717
7396
199
4634
3498
2553
15855
12800
5211
15428
8219
15271
3179
4776
15110
10008
17800
8407
2493
6669
5810
9588
7456
17860
9695
4391
5176
6645
5869
9303
17443
5527
14026
13902
13653
14894
5752
1808
12565
10904
8371
11426
2661
17076
16458
14173
7855
9828
4270
2664
15732
14603
10450
2534
2137
2849
13192
5829
10468
11332
1514
5979
12744
12181
3717
546
6084
10370
10631
9645
767
12813
12634
13350
14767
12815
18021
16410
12914
16645
13961
15645
4297
5469
17132
8888
7769
13630
4846
3144
8864
17829
760
7306
264
9048
8480
10269
16391
17487
5417
7497
16947
13707
10155
5902
16622
15017
8713
7025
54
15705
12251
2948
9144
2157
8059
8981
12483
13740
12082
4122
9923
17077
14144
6068
15163
5751
4474
6722
13624
3342
2213
11612
8055
2531
15560
3274
15634
2739
7325
9795
5618
13243
17827
14599
8325
3328
5760
6435
8104
6983
10743
11176
8804
106
7760
11709
13212
4434
9671
16129
2189
7480
15640
7444
9676
9933
16776
11982
4130
2870
2156
14527
7522
7245
664
1130
281
5549
1669
49
5302
9814
8921
13702
2132
13733
13089
16247
2945
9638
4817
77
15308
840
16163
12446
8676
3084
1080
2311
9221
14009
4412
17805
8294
11901
15891
10943
6167
5957
7276
2387
12562
2310
10635
14100
14086
11806
1894
5965
9679
14864
11822
15238
1170
11503
5367
1543
9019
14513
9669
13181
8617
15998
15056
11356
14706
10914
7423
14279
14444
16025
7182
9853
3826
3249
13770
12724
6560
3324
8311
2057
1334
10358
8623
14884
5094
8297
540
16014
11967
8176
751
246
5531
7017
273
11909
15917
16246
5996
8481
11395
10124
16172
6803
852
16345
14477
241
3857
7802
7246
8642
518
6076
1801
6200
3366
5954
2375
17026
13708
11125
8279
5105
12916
11852
13474
15655
2465
11681
14537
4513
9436
9563
7412
14140
17524
2397
5652
7193
7530
16596
6575
13900
2564
8010
8442
11214
6766
15050
11975
18020
12911
11218
7785
15778
9136
4693
2640
11985
15481
15242
7922
16568
4241
2369
16400
12712
5096
3304
1904
2765
18074
14416
6107
2254
7841
9398
10754
7466
6923
10133
9394
724
7129
17642
5871
16248
17755
14984
10961
17561
6551
16950
14106
13987
12384
15818
13341
3209
4446
6958
14154
5270
13152
16050
861
6661
15819
16437
15684
14542
5621
9537
14344
2479
1643
11465
9312
16159
13622
10051
8995
12509
15848
5440
17904
7233
9142
1778
11595
16943
2134
2497
9492
13290
8763
5204
17505
10011
12902
17336
10277
15159
15158
12066
4245
16461
9362
11699
17929
10662
3264
8942
14741
4990
11247
4401
683
10946
12649
2075
7139
17941
1841
9127
17061
17038
9634
15990
13129
3178
6003
17613
11290
17208
13601
14302
7575
16259
15725
9038
13507
5967
3429
14710
2364
14516
3922
5475
811
8141
17207
12442
8231
6146
952
13482
13502
4578
561
5718
6990
7999
14131
7578
8206
17188
905
17752
8235
10347
9307
7098
10422
5236
10871
10937
6652
16966
8822
16365
14638
3832
12841
6848
9865
5793
3810
1647
7609
9280
3456
14032
15083
14136
11415
13940
8268
2775
9297
5854
5791
7080
6253
10525
6513
6880
4849
14634
14916
6371
1982
4250
916
10964
1265
14306
6555
6767
10232
8462
10764
9520
9027
17737
16771
1141
5664
14014
15058
16686
5488
16764
3569
2061
9649
17832
12056
10016
855
7878
2770
6656
9454
15868
6369
13871
14205
3592
13780
5169
9750
12047
5125
483
10999
9140
11222
2150
14309
6151
11554
15607
3225
3252
16113
12248
17415
1111
13061
13720
2051
2459
11718
14428
7065
5123
7952
14157
3115
11913
9912
2456
14170
10663
11521
18063
14971
2266
5422
4574
4947
42
5573
4843
6483
14058
9461
11682
812
11690
2801
1634
13790
8539
9459
6589
2450
14432
6968
8446
8375
15446
3391
6738
8422
16704
783
557
1735
15814
7189
3736
17883
12820
3773
4650
1743
7476
1978
15807
8067
6502
10483
3708
6363
7754
9025
13360
15132
16302
6207
6227
4842
12121
9013
4966
10827
12110
14469
4271
16131
11502
6098
3840
13845
5925
14679
11891
6588
9422
3177
10973
7218
3771
4490
4692
17801
3704
10007
11311
6452
17934
1416
12269
16321
14743
15724
7197
16328
3733
8861
842
12377
13894
11187
4651
11916
12987
13312
9010
2169
2419
7140
10679
2987
8509
8292
8564
3820
4970
15735
5977
11499
11165
14021
2648
6357
16462
1274
3556
17179
6976
10610
11827
11039
2105
4335
13571
267
15247
6593
1377
7309
12289
9056
5024
9114
17873
10855
4995
6954
2384
3744
16719
6032
17872
50
3880
556
1703
8929
5726
6802
15076
11753
14762
16905
16106
923
2860
1384
11009
14740
8792
11643
18056
2291
15187
2401
8923
4409
8296
5093
1900
14358
6341
258
5015
10431
1419
15205
5588
3099
489
5244
4916
13868
14243
12942
13692
14744
10200
14328
4506
14354
10132
10582
4400
4279
10375
1899
11867
9130
8291
4840
14044
689
7426
5297
14203
15513
17744
7404
3155
10441
3881
3109
4482
6680
8823
17633
1115
344
15004
4249
13415
16004
8941
1053
5891
1876
17569
6518
5706
31
1193
1410
11628
1688
14384
13340
5630
4815
5948
6213
5443
5175
2485
4579
10736
3221
214
3042
10848
3941
15463
1620
10875
4973
2483
17136
947
9040
14304
13099
2608
2651
15522
2210
7143
11742
9881
2722
3520
6627
4088
14352
5263
12612
1457
10126
17946
7556
9771
9378
13903
14165
7401
16576
5444
15922
4069
7619
3659
4062
14277
8527
4184
2830
7956
8143
3727
1497
12243
5780
3489
14920
2008
266
11989
6120
12688
1869
2185
9890
2812
15329
12631
14296
12039
2014
17485
4911
10573
11560
13794
2619
1054
8439
8372
17713
10534
10097
3923
7220
7815
5659
980
6411
4467
6099
4675
13336
1862
7374
1897
9747
463
16515
6670
4765
13517
412
12296
5205
10653
11474
8646
14913
3052
5717
2654
14095
5728
7242
4839
3338
11472
8200
7639
975
8336
11808
1359
2060
9437
12887
9426
284
10831
237
5144
3601
16447
15486
9039
3414
3067
16692
315
11720
9254
7488
16712
17893
343
10744
3307
7091
1705
1117
1287
12400
3258
17498
3966
6616
6602
3920
1374
3003
12274
1142
2532
9586
8087
5594
14408
13559
7452
8445
4572
16502
7491
1919
17140
7830
18082
11988
14996
15715
1944
6175
11378
10881
4228
12511
8732
5256
11802
10657
5214
15129
8081
6358
17968
9202
10506
10003
17855
4148
11962
9243
14594
1837
7207
13425
8740
13177
8611
15289
12174
7198
8195
4639
1160
8281
17330
14318
1387
11338
7693
16903
13924
15772
7368
15817
9636
1826
3557
3121
10562
5687
12167
12844
13027
10045
9688
2244
17002
10907
6574
16772
12797
5823
17169
3927
14050
4560
12162
8605
1855
11837
4277
7711
8531
8034
10321
12467
274
9341
5644
1484
9576
13897
12939
14480
9259
1921
13237
6460
1695
15091
15230
10411
8977
1145
6556
414
16125
16249
3313
13491
6978
7568
9546
5418
14586
205
10935
1779
577
6135
4985
16840
2713
33
13822
4165
18037
8711
1353
14369
10022
12904
16694
7190
4242
3821
13104
10731
8037
17748
9485
4285
15613
2473
4295
4483
11902
8134
17129
9528
14300
11924
13205
8694
6830
5016
10075
25
8140
2556
15930
8112
7721
13486
3936
2936
9081
12799
15581
7980
1997
16518
171
6534
15353
124
10463
16972
10898
1295
10086
17287
5226
9711
3288
2562
1405
9880
1600
2281
16782
12028
10135
3657
2126
12671
3260
543
1655
2596
12587
12406
455
5309
2002
7039
9450
16212
12717
6272
7716
15037
132
13676
7652
1
12358
7495
4076
5194
9919
7462
13726
16441
17898
10803
2842
15384
614
5228
8910
2978
9936
6896
17508
15466
16944
14247
8091
14566
9401
3614
13439
12780
162
7719
673
697
71
3973
9150
3875
7111
5639
5059
471
6381
7292
686
5031
15094
1677
17097
5758
6781
6389
2856
9188
16886
13698
10439
13534
8353
8902
12546
559
9371
624
5455
11534
7470
4431
278
14788
10227
2467
764
7300
10026
363
1245
15124
8781
5555
1722
8340
15906
12323
9252
9269
9182
12615
16941
11292
6583
2974
10840
131
10383
10669
8421
15632
2029
2846
11674
5454
17281
7746
17052
1775
16142
9803
16587
16034
12246
13867
11620
6052
3463
2372
11760
3290
2698
6162
1560
9442
13345
13995
2895
10586
17218
17957
14261
10537
8029
476
61
2838
13473
2071
12623
7993
13639
2261
13169
10283
3664
11438
14927
7579
3245
12979
17300
14149
3655
11456
68
17769
4360
10854
16029
10301
8310
7402
10025
3754
11588
9987
2645
1998
15262
14020
6157
12730
3077
12714
7250
13077
15763
10979
8639
15905
7854
6751
16469
14445
408
5399
16079
7880
5314
5861
72
7183
8419
12684
10078
7656
8749
14813
1200
6835
10971
8672
10908
17634
4477
6569
11702
9506
2711
1077
15704
2323
16537
7558
2410
5779
3283
17560
5924
2458
1218
1212
6047
4445
1366
6289
11701
220
14582
788
8700
10217
2819
14080
13010
16721
9549
5884
527
11396
14768
1686
15269
9087
13203
1517
2108
17638
4876
5556
4443
3791
4788
4316
4989
12837
2107
9090
16743
13769
3543
7409
6748
3877
12828
6422
16210
6759
13176
15700
17042
9793
17812
3508
15940
547
8589
979
17863
15777
15665
16224
7133
9854
17361
6769
17206
7507
10466
18035
8884
6438
16707
10515
4156
10367
2792
7659
15867
110
5579
15070
17168
16193
2324
5052
10952
9545
8996
12665
7718
11279
17547
13547
2509
8819
1557
12354
9007
5580
14769
8190
10539
6805
15756
2353
11485
7196
4303
2358
2971
15009
2063
16559
3446
10391
12657
14587
11940
8418
17261
885
12193
8347
2750
13771
7486
2745
15847
16763
3329
1524
8148
1678
4410
1471
7134
3047
12554
6396
10545
12012
419
2433
8222
13960
858
13515
11884
10900
7064
5365
17620
11547
14765
14998
10633
3979
6868
16301
14172
8905
8714
324
14809
2886
7029
10467
3372
9981
16578
9439
10400
5570
17292
495
4719
9876
7949
10491
14091
3403
1380
4181
6741
8018
13687
914
1173
2995
6623
10342
11369
13447
8317
14965
16030
13796
17422
7345
8069
15866
3939
10433
7648
12456
1546
16977
4623
15805
14821
4254
7494
2174
6021
17995
16080
3831
15840
3198
14324
9226
6971
13286
9420
13038
973
16963
9968
2047
4497
13792
12605
10105
7059
12875
15296
5231
5764
17666
16779
645
10351
5407
2979
9477
782
14589
3401
11832
4152
7169
15689
5812
2918
14604
14987
13383
15964
8207
18102
17144
7119
3886
13988
323
11011
9293
11906
12020
9050
303
10777
10879
1930
16899
2976
781
13221
12010
16983
4011
2278
12313
1199
14522
17335
12169
7297
12128
3559
9483
9429
12069
6721
4716
13523
14540
16871
9650
5206
9717
3398
596
1696
11934
6044
13674
3132
4050
9393
3335
3497
11892
15090
6126
7528
10598
15387
9478
16777
5747
10085
4883
12693
1937
17927
5643
9735
15570
11124
187
15701
16638
17568
4070
11799
3970
12948
5472
16815
1733
8973
17407
11535
17359
5113
9808
16831
8595
6303
16991
12422
4512
9534
6446
2111
15886
12164
10412
2257
8309
12625
15435
17558
5595
5037
1871
4932
13609
2552
6684
1283
17440
9778
6517
6578
17833
15335
9619
7625
15687
1918
2253
10632
9465
3196
8090
8937
9462
12798
5382
7037
11028
17906
5173
8124
10080
16548
6108
14515
8109
523
10729
13850
9116
2718
17304
1289
17386
2559
12586
1322
2246
4269
11918
9760
10956
8637
14851
1041
16680
123
3812
9510
7552
1516
15871
17210
9431
3287
6159
4926
3222
14075
5459
7683
2190
4439
5619
3738
15939
13857
12216
2494
5526
5769
5009
6232
13026
13555
17897
494
7381
316
4536
13137
13647
7370
2355
8354
14221
965
5802
5237
5606
14968
15270
9479
6077
16529
8727
7927
16752
15356
9383
4110
9285
12816
88
8181
854
2054
3549
13314
17974
5067
4659
10771
2889
18092
9212
3008
9498
2152
2092
4381
15504
14523
4233
13398
6845
9035
1823
14606
13626
221
16892
13648
4516
8656
11184
7206
14574
14405
11938
429
7548
2368
1450
758
41
16060
11022
5338
5927
6291
13637
1866
9850
14830
17100
3530
4071
11375
8582
3169
9675
15587
15736
9192
15233
3418
365
5005
5223
15656
6426
6034
7321
12805
10274
4293
5999
10228
9964
5290
13803
1318
3612
5731
10783
13455
8146
1650
12974
9558
10851
2012
4867
2632
1009
5259
11281
3668
1879
5320
17204
16065
16906
11660
17048
10680
8721
6019
17293
6807
4875
2088
15757
10297
4638
1491
4428
7864
8687
6637
1548
10067
9196
691
2001
7424
2637
15856
15827
8251
4049
9996
3888
10712
16413
5822
9580
2921
351
14539
11201
16632
10691
2206
15564
4838
5436
17730
14016
9862
9276
9333
11410
12932
8855
15972
8678
5340
8012
16128
7252
342
3012
12821
10808
11600
7928
15823
12447
17252
2920
9838
7418
9530
1493
16767
2096
17660
4967
3088
14005
2708
11677
66
13029
11803
2839
16353
4563
14077
11990
16390
13052
4157
4740
11329
9513
6265
9220
6643
13299
12600
1640
9526
7970
13765
3092
11215
8641
10263
12204
6386
16031
3364
4169
3406
17370
2759
10718
8723
9983
13859
837
7532
8128
15592
1290
1081
16881
12132
6287
1954
17870
3164
4327
5384
2143
8958
790
17625
6524
52
3486
7930
450
753
11469
9189
12144
6158
2985
3769
11698
6079
1803
16952
5083
7929
3134
17364
6504
11108
10516
7684
4945
18054
14483
17031
11095
8038
12100
9907
6918
1863
16716
17433
15729
16340
6607
3989
12438
397
6056
17185
15666
15519
2149
5403
8094
15730
16569
10223
8669
8150
5098
9861
2574
10446
956
11159
5898
1498
4568
6317
8361
15677
17060
16331
17024
8603
3018
6511
16981
13592
8177
14977
5958
6298
3212
10968
5438
17227
1328
11326
10247
10829
4217
16054
6580
3181
4737
11710
5668
6994
10592
6885
14452
7743
11925
3698
399
7628
11604
8135
13560
11442
7982
7651
17828
14590
8849
17624
12810
16057
1423
3546
4980
12793
16670
13730
3506
13419
5846
17559
11777
8818
1349
17229
11632
14596
1562
7099
10901
9756
7596
4677
7871
7152
10674
280
3029
12611
8030
3841
5607
15920
4986
5010
12561
3861
8779
6752
6875
16593
1806
5398
15249
1916
11850
3034
9706
7453
8825
14973
9956
4798
13134
11343
11229
8865
9030
7363
15156
6219
227
13641
6946
11018
15563
5377
11447
17579
16127
10859
17903
18057
339
14593
15274
10686
7752
6544
1776
9874
805
5666
4
9418
17405
293
11443
14143
14164
13584
17000
8468
4073
78
16857
11268
4096
11169
12718
1379
961
16347
8829
9368
864
6604
17900
16418
3879
12030
16890
2016
10992
14823
6089
5480
4903
2678
2322
10333
16204
3864
17792
14868
594
15469
4725
6011
11856
9684
15430
10319
10355
9178
11139
7460
17716
6486
15476
17488
17050
3590
10922
14479
10165
2719
16539
3195
8652
1305
17095
16148
3965
18083
7748
8348
6577
3419
7715
6334
7524
15491
7591
1840
14846
5561
9339
5834
9171
13567
15416
5479
7429
16490
16011
6878
741
5609
511
96
14293
1525
12060
7464
17399
1691
14544
1872
10311
16930
7850
1523
11703
2807
5821
4523
8778
6220
11313
4807
1747
9595
16369
5203
4028
1590
706
10614
7048
7933
7387
13366
6839
16858
1673
2039
11512
1679
16443
16824
6857
15368
5906
15710
15140
2988
8911
14186
8470
1291
17878
8240
6734
14232
5035
7081
10983
18047
10864
10024
10847
1125
13844
4581
3091
1046
425
5171
3512
11739
17935
8447
16116
4423
46
6249
14063
4547
15602
15538
17653
932
2736
11255
12812
16154
11761
14373
9453
11731
11473
12652
7164
13139
17810
15364
5289
11334
15784
11874
10471
8434
3962
9639
15731
7333
13208
578
2471
9533
9949
14434
666
14273
5859
14262
17880
12402
3475
7499
7414
1198
4585
8835
2791
9934
10605
15113
2082
5908
6247
2159
4608
8606
4820
5254
15579
6223
12690
2275
1168
1593
3041
15452
4021
2837
12364
718
15668
120
16352
12368
1482
10256
3394
5951
2337
10244
14121
14162
8969
17410
7086
12551
5038
3691
6530
12362
1912
6323
1955
3750
11138
16491
10876
14660
3445
3676
2742
11978
11714
294
13928
6956
14114
14629
10050
4208
8512
6016
15762
17494
17789
1752
16567
7570
17523
8534
8006
4356
8269
1018
9728
11862
10869
8814
7676
17068
1363
4099
9033
1641
2298
12233
17911
4758
14074
5112
7467
12804
3948
16409
12775
8400
1586
3402
5789
10258
9784
5645
595
15571
13308
7597
1928
2025
1642
9554
5667
4546
528
6674
200
8844
247
11073
6001
2778
9911
7973
13037
12903
16852
13300
17764
13161
5319
5110
12593
15718
9903
14712
17116
1096
10822
3774
17484
12016
15411
3472
18019
14621
11119
11645
4507
6950
13937
12383
11206
8940
8154
13671
17180
10288
16778
7339
3188
12473
2881
11209
14801
6379
8689
17416
13506
16511
13348
16652
11676
14759
8307
10761
2949
4588
2773
6601
17667
17471
9458
12689
6322
11486
6448
2427
2142
5875
7908
13442
6081
13274
2102
15366
7846
11146
6237
418
3883
260
1266
11284
12380
10265
16667
11437
5114
18016
7393
11778
15540
15306
14004
8040
13663
13175
13522
10916
12725
6482
10654
10765
9662
5151
4718
10972
17728
12550
7373
5326
9115
3897
7469
1224
16640
8990
7496
8349
2406
7767
7629
9389
16097
3131
828
6367
14415
4379
16475
4258
11746
15631
15795
4496
6410
8961
11758
5476
15085
5362
7974
15389
999
17217
5775
8350
4924
17654
10902
1797
11764
12322
12034
17986
15018
8704
801
15073
4470
551
2447
1132
11520
13557
7998
4460
17248
5188
2466
10524
9962
2790
3466
6713
1668
17598
588
12794
7351
2166
5533
6145
8729
9701
7602
4787
2912
9515
3187
10873
14489
5872
17088
4501
6182
16275
14626
608
1756
8845
11977
9718
943
16922
772
375
8214
9170
15598
17466
14047
3219
3565
14449
14519
8851
3270
4047
18039
3609
14932
17489
14647
6245
4365
2766
11303
9278
16090
8759
10157
12533
12050
3775
4968
12444
12938
16244
15105
8267
14482
18065
13767
13725
6526
1588
5449
7598
16913
10474
2309
17432
16068
642
8926
15743
4102
2684
11700
12811
9046
4204
14897
11998
10849
10832
2772
2813
10748
4437
18034
4791
5369
16251
12398
7441
2084
13272
17746
8657
17127
17128
4755
17724
12176
3149
11748
5900
3285
3885
17313
272
10330
16470
10556
5014
1089
3035
15826
2876
6598
10542
8863
5371
5991
8130
5966
2758
698
892
4856
14250
9068
1061
13666
3511
121
6861
5347
12576
3899
15830
8449
15445
13409
8319
17430
3246
9041
13411
17012
5199
2832
11772
5344
15627
17437
13915
355
1257
1262
1848
11670
5414
3492
6178
6965
14338
10552
2622
5372
17920
9542
6273
3564
2482
8581
7902
16565
7265
877
11969
9570
1528
9390
9930
6370
17981
5633
17003
12727
17707
10882
17677
2694
2172
13595
11393
7034
16385
1185
13511
10800
5655
8671
6947
13113
8358
2616
7007
12477
10140
15279
13171
16538
12311
6849
8014
12294
7088
17885
9291
13189
4194
11780
6263
5739
3501
873
5342
3996
15131
10574
63
7984
7892
4244
4710
1724
11065
5378
9894
1415
4636
15942
7954
5932
10353
679
14919
4987
11042
5457
11288
5001
11152
14278
16332
1084
7326
2332
17591
10599
6359
3638
5907
17541
6364
2223
16279
2940
6163
9172
5168
4746
14556
15802
2990
2620
13585
16820
3741
16651
4567
2957
4248
11099
6212
10577
1438
2635
9896
406
4192
3784
16486
10997
9626
6243
13263
9334
9382
12757
8072
14460
9613
13775
2607
1152
7484
3294
11865
15646
10994
17794
15252
3172
11683
1427
13650
16742
6952
8906
2357
12271
17198
16372
2049
9864
7990
17692
14502
3585
7085
10231
5860
17495
14272
2226
1708
13529
15928
743
1204
3607
10102
10870
15024
925
9435
11814
6872
9715
12171
1965
16227
9447
6412
8243
15260
1704
12349
2292
9415
16297
12917
4457
1956
6695
7799
3801
5177
15978
1874
9473
5073
16873
5945
6279
17453
4051
17734
14737
15872
1505
1213
637
9094
15
15118
8199
14988
11583
17193
15594
7075
9895
10387
5420
11979
6432
11627
10192
605
1924
3863
17616
8984
13976
2011
5942
9032
11422
12739
5092
9700
6132
5911
733
8765
10726
3009
11479
14387
5568
1476
14694
14558
5406
3781
2116
10541
7858
12236
16989
13405
12348
9984
7058
17741
1828
7419
17113
1939
13114
12556
13952
15177
15331
8832
3114
2161
4720
17164
9028
311
12754
3868
6113
17322
13599
13363
17647
11200
8710
16935
11460
16545
8298
9412
8472
2305
17594
508
3377
15498
8507
17202
12431
15265
11540
13462
6735
5970
5540
15350
10476
13751
3978
17725
3720
626
4599
11002
9724
7348
11382
16798
8275
12498
226
1716
17840
12575
11414
9617
16558
17846
17588
15910
6057
11172
2865
4690
4818
14126
6254
126
2383
8511
17767
2829
13777
13638
14824
4369
15951
539
16697
6855
12041
6205
7645
4881
6739
1253
10595
1162
2455
10719
10535
10571
5044
5535
17891
7477
16960
3901
5298
6154
14702
14798
12746
6533
4003
8812
5856
9591
7239
3696
3384
1248
13056
14856
12849
212
3152
6450
16616
12468
6655
7934
6097
12885
16201
9353
9909
16194
10179
6887
2426
1121
4688
14351
12351
5235
11134
151
11041
12907
12884
14612
5486
309
9337
224
10418
10857
17822
3053
15240
4874
13996
16419
3579
6477
1149
6529
3352
6236
5321
2815
1754
720
7493
8708
6294
11515
4894
1873
15386
5515
14474
3256
9961
4999
2123
3305
4188
9573
15661
11387
8618
394
6719
10710
6901
10959
2342
8725
3396
17509
4565
8092
6405
9646
12959
1358
16315
8572
170
5260
16631
8197
8035
2325
16482
8927
2863
10670
7723
5066
16750
16270
10032
12361
8699
13860
16395
11322
1631
2943
1137
16456
2710
9844
4532
18094
14115
1023
2871
4396
14517
8360
14029
3038
13479
11019
7384
11057
12970
1768
1172
4561
6436
13879
15518
11795
11933
10508
13332
13814
14941
16759
6121
4120
1461
6319
537
17574
9742
2787
17566
1568
2748
2035
604
4247
13069
771
193
1413
6122
7361
17063
18091
8344
7712
11769
14985
14093
15501
3663
7646
8374
17785
51
5733
4075
12630
15064
12592
2982
17388
7730
10160
4424
5785
11599
10716
11662
12324
12552
16606
11747
2565
17668
14713
17450
4603
12943
9407
10799
12635
1615
602
11174
10290
14147
329
8744
16756
7950
15095
14956
2548
11774
13031
2585
4284
8537
8901
9168
4694
4037
12581
15077
12161
11339
17548
4897
2151
12621
6988
4422
7942
11773
16316
14234
10329
2201
12895
14049
3210
10029
16118
15493
9490
12715
7969
8761
11815
11775
4939
3874
13935
4143
17393
17078
17203
17230
16688
13081
11872
16993
7016
3830
11545
14591
15993
5899
1429
9663
9821
4398
13572
2709
14642
4479
3912
15221
12088
3080
11384
16753
13295
12583
12747
16914
3259
15512
5986
2234
6546
6823
15888
10529
13514
11616
795
4700
14128
6691
1629
17913
5640
12571
9143
9978
10970
12710
14177
5102
12540
320
17036
3315
15919
10977
14326
4444
5805
17014
702
9205
2922
1676
14429
7594
1435
9236
13548
6496
11794
7135
4797
4361
1654
8797
978
14225
2668
11750
2667
17756
12986
14659
12524
10182
2065
13969
2754
2146
7121
15194
9349
15821
16812
1252
15614
9873
7817
11180
10739
11452
2124
4841
8518
667
16359
4306
10172
1887
11156
2380
15219
16354
9655
432
3892
15136
5915
15648
3889
9001
16575
12832
5520
6284
1154
14350
5530
17119
12493
8824
9806
11371
8935
8025
13812
1311
6067
12619
4220
8608
6420
12239
5952
8550
9139
10985
6198
102
14220
7203
7836
13013
12510
5087
11149
13307
7287
1220
11661
11915
8528
6447
9858
3935
10709
10852
14792
8754
14108
4672
14795
4735
13510
1327
12264
16959
3537
16466
11896
4084
8041
3713
1407
5495
10423
12179
12426
17585
2140
1381
6708
13049
9298
8330
9502
4963
2242
5030
6040
6349
4404
17787
2769
8046
14498
15103
12007
4384
5390
15967
1389
3643
1598
7096
15096
8359
14447
16747
7843
10570
7116
15621
6811
5217
8980
2349
15010
3625
7458
6951
13485
10090
17325
1002
14923
11484
14210
6189
10627
1867
10020
1166
11409
1182
16362
12707
6028
12776
1201
5224
2022
14588
16370
147
16324
8357
13604
3001
9346
12822
12252
16344
15326
15089
3409
6169
6406
2568
9980
4387
4124
3236
16468
1515
4081
6904
2973
15431
15935
7257
16237
18068
13144
12201
12603
8151
15429
14728
12996
7222
15180
5984
16164
8963
6058
2268
10762
4814
17866
2070
17664
7919
5000
960
13755
7542
11539
9131
6930
10325
15880
1672
17988
17818
11357
15447
15771
6828
16662
4377
11358
16599
12655
2763
4132
1942
16595
17018
2613
14533
9657
15423
2396
5349
5928
4799
328
7406
17366
5921
7503
9819
10284
10811
17326
3641
759
5435
9231
9535
10327
7148
14627
5006
1767
10042
839
11266
13847
3128
16266
17606
2393
15525
3357
6027
14099
8627
3593
2307
14280
16619
3951
5836
9977
13528
4312
14726
12185
16147
11771
3202
10575
7433
11807
3254
6819
15043
17747
731
5536
9732
14701
14180
1854
1827
454
7411
3000
5334
7780
899
910
7516
14424
2578
4265
11074
13918
12899
4315
2561
15482
9193
9544
3068
8554
15006
7977
17850
13743
13834
763
4550
1604
15379
17513
10845
17377
7349
17710
7107
17153
917
17907
8305
8287
5881
10268
14546
6025
152
15357
8964
1271
1034
17943
7599
16544
6727
15420
14704
13112
10379
17582
16531
866
4113
4931
1971
7829
2023
17172
17864
7851
2516
7520
1847
6865
8155
164
10751
16133
5976
8389
8602
3862
11331
13531
13677
5611
8299
16446
12317
721
14611
12951
787
7316
3718
11419
15179
6700
15870
1792
4691
4529
14535
1151
4030
17094
6730
15029
9300
3122
10043
723
1882
639
17046
10607
5124
11563
16383
3363
1989
14290
13279
5363
5831
4025
11841
7563
17135
12547
4211
1819
2683
785
11103
9624
13067
2212
7903
14617
1890
6776
3124
10763
204
15961
5137
13633
3133
10360
9200
11117
16703
7983
14073
9283
8002
15440
5042
6193
4237
2862
13864
3761
11716
829
6723
2539
12564
15517
11510
11942
8976
3570
16214
11810
15209
16219
13527
3054
15712
9011
11143
13024
4461
17469
3656
8900
10328
9472
8056
17290
13562
1003
13713
11820
16120
6383
2798
7638
17740
3127
14171
12206
3658
7421
11346
3685
13793
14069
9042
11153
8464
16666
1222
13823
1889
10838
4589
8513
10254
6456
16705
14071
14361
13375
4036
7315
9402
12876
11151
2340
4209
3268
8345
15300
3081
17629
192
7649
15753
3200
17575
1953
5193
10076
8881
15422
17652
3908
3229
11111
9083
11280
17627
2443
668
16591
2178
15109
16103
15321
16137
12418
9882
12596
12995
16843
1707
3671
3523
12288
3726
2079
15931
13929
15032
13168
3794
1845
900
657
16987
17536
3686
14885
14508
4419
8365
7047
6096
4982
1112
229
11500
1195
7123
421
15313
12315
2970
11712
16823
14219
13728
9164
6973
16657
4959
11314
3228
5141
11239
16498
3870
3665
8897
13799
6531
12261
16253
14252
3070
8346
4112
16610
3747
16643
522
7171
10498
933
17862
5215
14750
6712
4537
10278
18066
6470
17023
16921
4829
5227
6799
1682
5858
13324
593
6018
10323
9807
11385
5462
9311
3860
16713
2220
17742
2845
456
15048
13344
17196
10953
10368
7481
10890
15161
13668
8125
722
2454
4296
17015
5376
14698
1541
5750
3551
7531
4857
1584
17919
6174
1499
17784
1957
7282
11873
6216
729
14292
12408
14022
16099
17504
1312
1785
4494
16496
13210
18050
14878
13327
1893
1909
6283
15580
10191
7067
1033
13556
16505
1817
11811
4153
17028
6745
11307
17791
9277
11830
13782
3420
17926
16997
7976
12054
13476
1241
6925
17675
13232
6882
8058
13809
11489
12404
15965
15722
809
2445
8201
3117
11514
5547
1503
2594
11666
16814
14226
10035
2604
591
9058
15057
2563
4388
6542
2249
11171
15151
11043
6613
9012
15532
12432
2629
13154
10519
1157
3083
6346
10472
10298
11543
8136
9302
8432
17211
2194
13226
2935
12133
13465
4342
11496
12639
2173
4044
3725
7394
6451
16710
15116
16547
13199
1581
2356
8925
8308
17019
2887
7104
13882
10282
14379
2869
15470
16355
3448
10318
8382
17610
11523
7425
8115
16042
2859
5867
2507
9783
3959
13856
17614
11038
5715
11425
17284
6318
16817
9419
14730
11817
16019
9885
3237
10713
17314
4896
16602
4478
17376
16891
512
3955
1097
2938
6926
704
2128
10267
14118
12220
10000
14184
6373
461
8
7848
15534
7837
17321
4238
10705
8651
2129
4564
13428
14402
17289
8073
16532
16626
13999
10442
8188
10464
14076
16552
15001
10326
4229
16499
5165
7388
12450
10769
16728
3241
14773
7875
2404
9702
10613
13453
791
3478
654
11994
6916
13090
10434
11230
9982
4032
12340
1609
10215
1487
3289
14254
6797
5230
17874
2692
17472
3220
15031
15169
4226
9629
941
14834
11017
14651
17806
2538
13631
2487
17170
6665
11542
17953
3679
3928
5962
7981
13310
14696
15256
12915
4488
13044
18004
8957
6690
4724
14976
11047
3539
16262
12771
16436
6285
12577
9281
1494
16936
598
14204
15599
1906
4475
9589
15981
12428
8225
1016
4407
14064
5167
5894
6106
12160
13143
9665
2543
1323
5910
7523
65
9561
14879
3833
17757
3635
7416
9441
2293
15662
6325
4743
15506
11044
17793
3142
4929
14371
6202
3411
492
1898
7935
13972
5705
11428
8282
14039
13917
17073
10071
11424
3095
521
9970
8252
127
5988
8448
5895
2186
9960
6041
4072
12926
815
216
10447
12847
1074
17680
14708
4956
1007
16683
13861
11455
13910
14579
3633
16474
5196
6184
8670
9632
7400
15937
3028
3336
11921
6239
10836
15287
7989
8210
11623
14367
4432
8139
10036
4486
15051
12192
9942
17391
6715
16781
2328
10127
7224
10975
16367
13655
9071
7214
5661
12931
13583
10615
16430
15977
16166
9973
7936
11122
4107
2744
10369
5312
16291
9797
13219
1567
4093
11601
2113
14532
9128
14242
15119
15358
9963
12644
14215
15198
1511
1740
13835
14815
4135
1075
13297
5624
8540
17640
10249
15232
7487
9944
1314
13197
2818
9118
9323
1269
3255
15125
14320
6267
14847
7513
8673
9957
9512
7286
3981
5288
17516
7584
9741
13680
12344
687
5586
14316
4002
12608
15690
10850
685
15625
1040
13483
1610
7766
13424
3647
8974
2018
13082
5743
11035
10819
8737
10597
15465
11536
6199
8692
14820
2095
6864
7694
14112
12549
9772
3580
755
7710
2913
16178
13693
10260
3594
5689
95
1789
14239
13146
8619
17299
9119
6851
2366
7859
619
11372
12839
1653
2302
509
14103
16489
4975
10671
14045
15371
9348
10815
16195
14303
13066
7335
11948
13248
17542
14990
11707
2386
6744
8074
10479
8846
2808
299
12508
5269
14871
10626
17224
15650
4664
18099
8271
7160
7052
9723
15291
9395
3602
10892
17528
16501
11812
2411
12270
587
5525
2540
10206
868
11283
9840
14926
15760
17733
7031
3667
37
16397
4350
9500
9954
6305
3423
10947
6998
4833
13623
14380
7750
5116
12329
5940
11863
1068
3711
7959
6897
2888
15167
4053
12036
5973
9451
2701
2464
14936
13852
15955
3340
17966
16700
14605
3334
5868
15828
9602
14503
283
13155
7604
12622
3931
4182
7354
13991
6233
2577
8746
14399
8514
8499
9425
11886
14197
250
6214
2848
813
18104
12247
4747
1246
1513
12035
5959
9080
3444
16277
9096
8909
2330
16431
16788
15067
16992
17619
8295
6554
6584
872
9037
6917
6037
5941
17964
3606
15664
5819
5543
4558
3101
3458
377
12678
1810
98
17001
8137
16094
2068
5421
12339
12786
11454
4930
5460
8794
13142
12818
856
3630
7410
15985
15509
7391
13898
7020
10932
6987
2566
9689
583
17971
2906
9594
6586
11260
15526
17481
7108
12387
11115
6576
12736
1591
16727
6356
1342
14227
1406
8111
15343
8033
13389
6932
2855
1250
17924
4128
5184
6794
423
8052
11509
16096
6788
12628
2673
9798
8455
1915
12260
13863
7653
901
16884
13215
761
12733
2347
11633
11379
16839
2348
5095
18025
3226
17296
4793
9367
682
11394
16435
2545
16724
3082
4435
13481
11528
17104
2154
10637
5483
15082
11654
1398
12925
10828
582
12488
3553
10338
3333
7375
7041
14564
14688
11981
7032
16471
5786
14085
16766
14893
12764
11466
17041
16281
1272
11784
16135
2295
5783
15439
13831
10891
12691
1094
2125
15378
290
7590
14797
17954
13045
13836
6920
11939
15035
475
4748
3917
4344
17122
13806
7944
4504
9238
9804
16998
12802
15046
9694
4456
11727
5504
3992
11305
14778
7009
8523
2316
11130
17645
14685
6332
8800
2882
12303
184
1624
8628
8705
6260
4373
10927
16445
875
6736
6879
2963
1391
17398
14166
149
465
12129
15793
4606
9166
4454
16520
4927
17392
9988
12139
17058
15653
14196
11759
8120
5135
17404
451
8573
14529
16223
17147
4264
7457
1279
9710
8815
410
5919
12752
1670
16954
1467
2237
898
17475
1103
3120
970
16208
2964
5261
3138
8683
8793
2481
12043
6953
15970
4101
9519
13292
5713
8063
13541
38
318
10208
5744
6365
12254
14512
8203
18017
11650
10790
2806
599
11999
11435
11501
14501
2671
6153
13597
12928
13820
1362
6818
13636
8425
11418
11349
13253
11354
13979
4085
4129
15328
1082
6203
966
1842
11578
3561
13393
5079
5111
17698
6114
2271
4557
9359
17887
17228
13789
11900
10500
16536
11809
6523
6512
440
12464
10536
321
1165
15375
12748
14467
11782
15273
13106
6552
711
4950
9642
8798
15577
5914
9355
1646
2158
13421
2740
6183
5241
9016
1818
15708
17503
10704
7918
17965
16838
15658
11538
16161
17278
13408
12441
2222
9951
15859
17384
11613
2430
1935
5352
4761
4098
17820
9782
9940
308
3022
14855
10130
684
13719
6549
4355
12130
6038
17152
17871
737
17143
6618
11851
5825
12613
14266
5539
8283
6877
12952
15860
3215
6937
6463
10015
3722
14208
7788
17412
5544
16442
7972
12183
2547
487
12792
5524
2144
10668
2627
1974
10694
13388
488
15175
14964
17390
3743
6235
7044
16805
5703
17007
2877
592
4420
4785
2779
9505
17101
8520
10211
12767
9774
10477
1559
6508
15698
15398
6230
4281
15487
636
4005
12823
8653
14113
13343
16521
8860
13480
11272
10096
4870
7751
17690
13521
2611
17461
122
6793
15966
2326
13717
10715
11244
7350
11188
2033
8915
17972
15263
1275
16757
13254
12609
17543
12250
12918
14938
5727
12476
7642
1434
15508
12817
13303
8500
8565
2276
10098
17275
9264
10522
18006
16956
7278
14159
11233
7178
13318
16144
15835
2438
6653
1595
13337
6955
6642
6662
5614
15363
15746
13259
16228
13115
8107
9647
17269
17577
1333
3239
15160
2777
8889
13057
6615
16718
15707
5299
8521
2139
9937
9036
10830
7236
9514
16865
16282
12166
4784
5456
9376
15135
15649
5848
9155
6484
13778
12779
5862
927
36
3967
13046
1485
7685
10386
2966
11197
449
4146
2399
18075
4305
6537
108
8121
16170
15211
16927
10154
11094
6540
6297
17651
15969
622
11055
889
6620
3818
9102
4187
15280
14723
17294
4045
12208
7677
6302
11352
5132
16139
14169
2490
3697
3168
11347
11819
8019
13975
12598
7142
6943
9444
12370
13811
10320
11363
14356
5498
7260
3272
1136
2015
7248
4801
396
2512
9764
9063
3622
10495
8686
4766
14672
2660
15535
17187
1229
6638
10895
11525
16070
11416
7819
1564
8827
2771
9835
15472
9111
5134
15170
8045
12076
10565
4207
2788
13406
7077
6974
8577
14438
9755
14241
15619
13748
1592
9801
12990
17758
2723
16056
13063
176
1436
4782
16002
8234
10795
4997
5301
232
17529
1268
1791
13617
15288
13611
16737
692
14625
822
8411
7588
15956
12969
12300
897
1180
13734
8620
16358
3703
11123
15290
16535
17705
12009
8285
3689
16584
2182
8730
9386
10988
2042
8506
736
11235
1396
8078
10544
6514
4905
12136
10134
14011
13437
17102
2127
7759
10237
3904
2462
4528
11246
2760
13706
10341
6012
2998
9603
8904
15555
1763
627
17532
262
2402
2695
1307
2589
14288
255
5081
10496
12223
1583
14017
8064
1983
8043
9405
1459
17994
7914
12927
4810
6062
12750
15812
1594
10835
8487
16923
5978
3584
16845
12182
15134
3849
10711
4964
12073
16322
15215
497
7212
17250
10233
11642
6393
17246
15392
9610
13339
13228
1227
6424
6444
2395
67
2214
11725
3482
12275
1542
2460
4602
11790
3100
1660
7275
17688
2224
13718
15766
9939
2933
15745
15457
934
15171
9841
11970
3425
10259
10236
13533
11971
13436
7385
7327
14275
8631
17596
799
16934
8917
3555
3193
14366
7076
9125
14453
14382
2528
3449
977
17959
11216
4004
7690
9179
987
5837
17921
480
5784
14323
11225
2421
9958
15164
12892
8993
2905
12350
9867
6856
7640
10561
17963
13233
2686
8868
12017
11482
8750
5047
7269
15282
17184
13886
690
15779
6801
1371
517
5126
1357
4658
1558
5657
17856
10196
7839
16895
7755
5387
14078
17990
15030
83
929
13020
10337
13640
4206
10201
15174
16653
7729
17977
7120
5983
12945
13635
15114
12944
13813
15059
15674
6170
12829
14394
2852
13047
14772
5612
11136
13563
10178
15102
9480
8722
1051
7151
2062
18028
14735
9713
1179
15272
11973
4598
13239
9749
6822
18051
16215
4548
16226
17886
5669
15803
15596
1070
14332
11675
178
13364
9181
15543
6840
4322
8430
11236
1340
14248
14386
15312
3652
9857
5600
17949
10144
6815
9776
12855
15768
14928
8853
844
9250
17157
17626
11453
17397
6774
16300
17854
5521
8601
9596
2024
8227
5396
902
4604
3640
10910
1116
6960
9693
6180
12055
11276
17402
10917
16513
14041
9641
5636
11935
16177
14212
17011
9468
8127
39
4131
17912
11861
4144
6475
821
17297
14276
8223
14094
16192
16296
10357
11477
5056
8388
16075
1108
1970
14716
16708
3675
14693
11013
7288
13078
12032
3165
14721
243
3412
12963
12606
11504
14652
957
11635
9020
8718
7019
5559
9023
13591
3792
15686
6659
10965
4756
8982
2814
16974
4213
5008
14746
1945
11403
4566
12666
14381
16261
2130
4786
12496
3536
8351
11664
4971
10063
3869
15248
802
17753
13738
13498
4065
5207
416
17233
1950
12507
11093
15319
17699
9317
9967
3213
2908
9488
5433
2500
612
575
3709
11594
17120
13234
12355
11321
5046
2917
13705
5305
681
5120
9440
7581
17057
15685
7885
2590
4682
5427
14571
2196
14343
3
14610
1563
11458
15588
3808
5442
12142
1865
1143
17468
3265
4215
12249
8903
11085
16387
7027
12228
16533
17956
17612
11651
7681
4390
3383
3938
8924
12424
8841
7008
5670
11291
16448
17148
6832
5730
9599
14345
5824
1207
8383
14632
13394
17027
12475
13085
8158
360
13685
12692
16382
8384
2857
12531
14686
6008
1520
16327
7001
6000
3390
4078
8157
13568
18060
11420
13268
16675
17639
3379
11893
2927
5294
12282
14506
14433
10388
5397
16695
7273
8416
7761
13457
14079
12014
4545
12790
6136
4416
17054
1239
16754
11142
11785
7862
874
12190
11131
14799
16770
8178
15352
3089
6372
9287
11360
13600
16274
16232
6929
8907
80
9699
1903
9499
10880
9112
17601
9408
10703
5213
6933
14891
12075
1361
2423
5635
532
9527
14933
13280
17899
13249
12096
11706
6374
14006
15783
5741
11713
15021
1444
4117
17175
7448
3706
14914
133
1316
12083
13550
5158
12101
8833
13158
11704
570
16089
2007
4186
7331
17047
498
10280
12760
7708
3309
12512
12172
6155
9424
6532
948
1927
12335
3848
7674
4738
17482
13946
17581
5647
16654
16236
12319
11751
1504
15484
16338
8894
16522
13619
4385
4299
14829
3494
15485
4937
7213
1063
13644
12574
16809
13887
10625
15203
15492
8883
4826
9720
11120
444
12982
4760
1479
11102
4283
15991
5149
13865
2086
16
5317
8994
11493
5629
7537
9827
1454
12033
17324
13593
15237
4086
13837
9314
3896
14224
17492
11089
3957
1759
17991
1972
9667
6403
10925
9268
7582
8535
5503
4343
12548
12637
16207
16021
10646
6694
3906
17779
3815
545
17256
1370
14787
9950
14565
8576
5413
10767
1052
2899
1805
4611
16119
12352
15079
5920
976
15390
14808
14907
16386
11444
2676
4586
6234
16003
12504
1293
9427
7886
4231
2179
297
17659
12357
10885
4518
10602
14853
17975
10448
15620
14313
11457
13916
4794
7661
647
14645
1741
14129
6143
3345
2932
1530
10084
3976
2747
16827
17704
7821
9064
1042
3185
10746
769
12462
9823
834
6704
13620
879
14322
12241
797
1146
13829
2903
1911
16479
8026
6909
3370
17869
11796
15878
6073
2746
6895
12784
12435
5876
11240
2265
11144
15294
11250
439
5557
3798
5840
4644
1299
1397
3201
11752
2952
15557
17604
13576
9229
774
542
6758
11765
13883
603
14060
2200
10887
3474
7382
10642
1064
778
7279
17700
7097
803
7791
17442
1522
16190
1784
6375
10410
12135
7158
13768
15100
16098
3477
11741
2089
479
8885
10991
9744
7264
2691
6472
12184
6315
5808
15885
12003
17242
12604
14391
141
16795
7021
4019
10839
12416
14671
9216
3286
2986
7890
7056
2825
8241
6676
4263
8769
16980
16452
5065
6188
6462
5842
10752
9994
1738
7131
13873
2923
15025
16740
17914
13715
11603
12079
7734
11213
11572
15183
13709
14048
1109
17295
15494
7000
6724
17586
12109
16085
8559
2361
10821
5300
5801
1585
6222
13914
10220
10164
15832
4341
5163
12480
922
8301
17853
13551
14909
17280
17636
12052
10700
12459
11579
17069
16517
15438
14308
4543
8266
10708
2674
15474
17200
8363
109
15383
15066
597
4593
10253
3796
12978
15143
5447
8131
14175
5273
12664
15530
1979
4888
15862
8777
2170
8726
3932
445
10120
12751
3291
17775
8205
4251
4763
8162
13016
16526
17815
3207
8914
14911
13331
10276
12726
5154
5238
8735
11559
5346
1069
8013
11436
17051
10555
3450
10862
5017
2114
5434
17226
13866
14046
525
5039
1962
16828
10938
3666
7585
11898
9955
12238
3292
9800
17478
4495
3094
3395
15787
10122
11847
13874
93
14301
16053
14500
12346
3850
12694
5759
14497
15126
4646
9385
11183
8604
9905
15299
5448
9157
11137
11823
7828
11318
11883
2272
2816
13368
17434
9097
12222
490
993
11316
11204
16326
8086
9651
969
9135
16307
253
1286
14760
11631
10409
16160
7735
12971
5564
354
5589
4562
4026
16100
15450
4837
6071
11257
7564
12453
2031
2959
17333
17584
8202
13187
15603
4330
6280
9931
5507
9901
3616
8803
16298
14636
3056
16690
2697
12737
8886
1464
3554
7035
9583
113
16124
12347
10294
14531
1500
3995
6582
703
6326
11912
777
5768
752
2951
506
2221
1616
10511
13288
990
5061
8967
12588
16527
7713
13438
3147
12413
8102
17672
2417
12072
4421
5143
849
13690
3969
6525
6948
2503
530
776
11224
1831
2656
11887
11286
12087
13489
10621
8716
1864
11191
15267
2874
7115
7543
9703
17915
15733
14464
16150
7813
4243
16289
17714
9825
565
11956
8625
8453
17917
8854
12092
15933
2496
9335
5050
3567
4898
17930
5844
8133
4139
7113
17847
17080
12705
3368
675
14886
12449
650
16179
7176
3044
7215
10395
13689
3495
8477
4595
13773
9126
14836
11941
4429
14141
2823
1058
3729
1555
7809
1155
10243
6725
12819
17049
12988
1799
3143
6912
17506
2148
18015
17447
13870
17220
3803
4699
3581
9517
11219
2821
6677
8875
13241
15188
1095
13218
7975
1158
9609
15013
11870
10846
16524
5922
7262
2
14731
17928
3461
14753
9279
15521
749
9361
12224
13627
12048
12287
2621
5331
18026
8801
4739
3157
6275
390
5918
8588
16450
9342
14287
9186
12923
15890
732
10547
4976
1633
2575
15325
7046
16562
5799
10609
7318
12497
15372
9758
16478
14052
7889
4670
5926
15496
6657
11075
14494
6646
8101
8179
10833
8071
144
70
6808
16830
18002
13827
4848
12203
10919
748
16411
959
18030
9727
3163
17650
10171
12502
12231
3434
13230
15311
8508
10230
15622
11598
11715
1202
5138
11051
6660
15983
161
1680
10793
5275
631
6264
9522
5491
3277
304
1835
17231
7641
14406
7583
7010
16145
2030
3281
8322
1920
16731
14536
1431
15874
10629
11991
16571
14630
3571
3319
10139
1814
564
12443
11524
503
10727
13316
6366
11297
8934
12654
11860
17867
3306
12367
1661
10093
4150
12656
2981
5466
8395
2599
16168
155
9654
12328
10775
1714
16238
420
5510
362
11161
13275
6969
10349
632
9073
313
8039
2072
1367
4666
9571
448
10568
13651
8259
15479
17460
9993
15699
8440
3509
16699
1186
1356
12461
15133
11646
17720
742
10470
536
15007
12570
3654
16234
16555
17310
5613
4678
17
9746
8560
15624
14690
9031
13664
10128
11004
4346
15608
2233
2279
7698
4686
13849
437
14339
11506
3873
2195
17550
6335
15549
4463
11868
8441
3073
6698
1352
12997
14755
9849
12149
10009
4189
4441
1795
11573
9791
3295
15988
13352
17797
335
12194
8787
14951
10225
13505
14413
3517
14341
16455
16314
7847
17177
5311
5724
9113
298
14613
378
43
3575
5216
11162
11033
13537
6377
15968
3629
7546
9240
2580
11412
1607
3998
2478
16909
4333
17255
7089
2558
6890
17802
18069
15786
8216
7566
6320
9099
14377
8413
12277
1139
10234
15623
13959
1608
9712
12436
16290
4216
9247
16245
2420
10455
15916
11966
8943
14216
1144
3534
6312
11068
17362
5506
17763
9740
8191
14493
1811
8898
10843
1697
14375
17385
5620
10564
945
17254
6417
13064
12617
6111
6100
9256
878
2235
17706
9176
15610
18005
10930
1771
4732
730
6250
8412
5393
6644
14240
206
10484
12679
7455
15402
10588
12062
13714
669
9406
17632
1331
395
9147
11325
8858
1663
17781
4701
15682
13552
15839
3382
5698
15250
11567
4868
9914
231
7380
4824
17821
15752
13209
4145
10310
1570
8261
13190
5757
75
14873
15723
4158
12890
8414
403
11050
7968
12882
2928
44
7259
453
8185
13892
12356
4596
11724
14107
14665
9761
1148
6934
4362
8522
4106
2346
9445
8333
6733
11596
16235
6522
10624
17446
534
10622
12460
15212
9820
9430
15507
16401
950
16682
8118
7127
11972
10404
1192
9122
3346
435
915
11392
10396
16176
11680
5133
10366
13034
244
28
17199
2391
6606
7100
15876
17425
501
1959
7475
6914
13908
8586
10373
9084
8393
7926
8280
1800
6605
14182
6789
4386
8968
2273
8707
17894
11365
7700
15197
15572
10778
198
10611
9848
8313
12430
10796
7822
10335
346
15380
3441
13403
4921
634
9223
10123
10187
17657
5025
2733
7804
12599
6296
6621
17451
13003
114
16271
15898
16862
14259
16188
4074
6639
15569
6308
17428
12378
14557
9449
16276
4698
15186
16084
14174
5575
16334
6466
13939
17070
4731
11693
12412
16701
9029
17367
14442
10756
10113
16870
13612
2181
9541
1963
2495
16566
17130
6731
5045
2327
1319
14670
12874
15427
4403
3735
1774
13711
10212
2827
17804
7757
8493
8717
16546
11757
14600
6894
17848
8931
5109
17283
13977
14198
12225
496
10150
16308
6241
1832
3431
4915
13266
6133
452
921
2376
3208
7170
17701
6105
6804
12078
11312
728
7722
5590
16174
1618
17739
9733
11736
9893
282
14195
14573
6215
17138
8532
11377
8376
14806
7996
9198
16674
13178
8062
5508
5778
10088
15449
17683
9605
3589
2236
10603
11537
6547
2069
7686
10723
5853
11147
345
10100
14448
6585
7540
1746
4891
14389
12458
12526
4259
222
10188
1534
10242
7450
6487
15225
11478
1365
9855
5627
8682
17010
16851
2926
7525
9999
10143
11621
11116
13289
16540
1004
7632
18011
10660
14770
10365
3074
3919
3006
17851
7687
12292
16910
17071
14560
4127
15533
11345
5702
816
11735
7268
694
13954
14667
1786
3608
3230
5830
12273
14314
4853
9869
7881
18
5763
13580
1447
13450
10194
7706
16049
5720
7237
9107
10996
3943
3946
15647
14426
10866
12486
357
863
10044
15541
3600
15403
9380
15502
15754
14607
11045
134
2508
14336
16380
15181
1238
8215
15909
5071
40
1996
12597
12410
13369
1441
12973
5622
8049
9296
11911
10990
6006
9847
739
4332
9635
15926
10548
560
6541
7647
14748
17079
15339
5646
10802
14657
2592
3087
8194
13041
4805
5719
9521
16504
9054
13598
13679
17754
17983
13896
11090
775
9511
4649
8117
11910
1254
14034
14608
12301
17448
1933
1031
16620
17496
15178
10047
7165
17145
2803
15946
5604
14948
9067
14098
3410
4541
9569
8809
17483
12137
13111
4162
16932
5754
13315
1011
2036
5960
1474
8661
13032
4614
10936
17674
7726
4006
16644
9423
8680
6876
4202
15637
17590
17723
1635
15727
17670
9831
4594
10425
1013
1235
6899
4108
502
12765
5672
15480
2835
12518
4304
17118
10226
16917
4092
2318
8856
11618
7617
10073
3845
8643
3400
10421
11839
7521
17896
9044
9284
407
4166
14644
12103
9809
12272
9899
5337
6069
11825
10161
6825
15672
59
10248
4676
10180
13513
9467
9017
4663
1764
14504
5732
5264
1856
13042
5494
7608
16444
16152
5287
12122
10417
7832
12145
8198
17401
9627
6246
9261
3540
15897
6402
3347
8390
14978
846
6125
3984
2026
3097
6941
9685
17936
7887
12985
13654
5258
7208
3872
4923
7781
9327
10648
6908
10428
15489
18046
1189
1338
15458
9060
1973
12763
869
4530
10886
3098
17247
17115
1533
7856
13931
5518
2891
6309
10438
10118
10129
11261
16260
5888
15189
10416
6492
713
18078
13694
15703
10493
9966
3227
238
7733
17955
17409
1992
8715
203
2262
1073
11671
9644
13889
7479
331
989
14040
12474
7191
1432
4712
13119
10005
1048
9248
16968
649
13869
3916
7907
16868
11243
14133
14870
12743
16698
34
235
16330
8099
15033
10655
3471
10685
3760
7271
9489
9625
3004
15911
7793
6964
3673
16919
15900
6014
13347
9773
12397
17778
6391
4485
15958
3913
1110
17253
10138
5693
12379
7501
10055
2663
6471
16376
17578
14348
11210
3756
13391
17209
7337
3476
15679
3416
11505
13851
1317
13073
14944
11776
14160
7101
12998
2721
3145
15199
9633
1399
14937
4235
4095
17139
11519
12170
13590
2230
2409
4302
11304
12345
14238
15255
7445
18101
6258
15307
10065
1576
13167
17563
13025
11781
1753
7181
628
5581
7986
5551
10911
7784
17454
413
3597
8204
2757
6416
14331
7971
17319
6311
4944
9230
13628
13530
6790
5603
8579
17444
15337
17411
6966
302
5937
3632
8303
1571
11770
15612
6181
8166
14258
15671
8988
13855
6392
10279
11730
4212
6949
7678
2504
9976
9812
2078
5676
10576
7792
58
11625
3661
10307
7166
3113
7324
3393
6351
12642
10527
8578
18000
10659
4111
705
5820
10604
17997
1452
300
74
2418
2679
5202
10941
11421
8476
7576
10699
3583
10083
8482
14616
15349
5004
16257
16269
8320
10960
16088
3040
7765
4262
8236
13379
12159
2373
10636
9531
1606
14430
1580
9070
16272
7095
381
5383
13862
16393
5099
16048
7353
2034
7084
18064
7308
16924
10619
14881
12210
7149
12521
13824
8404
1510
3759
2530
1228
17890
17649
7130
931
14628
5286
824
179
15444
5082
8938
9762
9752
119
1829
15923
6667
14947
10480
2038
2434
3365
8530
712
6469
7249
14715
426
14896
1247
6919
4154
5798
2488
10554
8553
6761
13761
9377
17305
9239
12683
2270
11533
12537
5874
11434
1156
5250
4104
11359
8878
5716
9204
5641
14097
7920
14637
5282
13832
165
17354
13298
9438
2781
11258
4590
10785
6485
1386
5218
14057
8890
4687
1946
9065
15775
1453
7921
4635
5424
17948
5638
9888
13681
11025
3742
6501
6787
640
4291
9476
16931
8731
8836
4033
3129
3766
8701
18009
13354
12195
5374
16523
3807
11327
6991
12291
6959
9123
14989
2909
100
2208
12038
7313
10664
4742
6010
7465
1056
5370
15829
2351
5354
13554
4711
766
16744
1298
15130
10650
5410
17861
3954
5308
15527
12677
17154
16918
9668
8386
9666
2741
13913
17480
5062
9829
6763
15524
16198
13430
6566
8246
16609
3779
14083
112
16516
12106
16855
5662
4850
17662
10844
13231
5268
16648
660
8599
17960
10197
17761
3250
17277
16826
9448
16967
11190
4626
15460
1028
13618
10435
13400
11960
7138
15987
12393
8142
10681
11376
6156
13059
14398
8681
3615
5755
17888
10424
11405
15514
6939
10271
2989
169
15455
17580
585
12523
9574
7867
1443
17497
11166
14662
17084
15314
12535
16258
9757
16624
82
8409
5481
1027
8780
9918
7323
12651
12503
11833
17272
7036
7692
11128
5357
3325
13452
14924
4836
3544
14507
6428
4981
14575
11441
6117
7900
11634
16366
15936
9974
4681
10462
8989
10173
9813
1196
15976
466
11997
16294
11389
4480
11842
8436
15236
1896
9255
6714
12941
14396
9015
10714
12889
10526
14007
1394
1987
3369
5058
5896
5146
2211
13204
17030
8946
17719
1336
13140
4500
7948
1403
14376
10514
8830
10038
7549
12114
1414
15327
9587
1749
3903
10732
16797
17037
15320
11049
9509
7395
135
9860
16791
2469
11755
4601
9898
16318
12873
13434
3604
6425
7904
15751
6209
242
398
13757
12403
4253
16847
6836
10760
851
1999
7071
13955
4654
8106
15168
18059
17307
10095
16267
13349
16295
13971
17342
13240
1019
16541
5089
213
4199
5468
17721
1850
9714
15536
994
5209
12022
6015
17371
12334
13333
15141
3182
8469
4728
12607
14475
11306
12026
14892
5990
9344
9863
11592
2435
11355
11362
807
4067
10406
16608
12326
9532
3851
6148
6869
15801
11961
17285
11763
1364
13509
7463
4159
9358
16062
14734
15893
8768
10782
14291
16613
4996
513
12417
533
12019
9845
16507
16509
15354
16999
3929
13880
9364
15854
12825
15061
17998
5949
4256
15053
3358
3326
6152
10591
11531
8813
15660
1934
15644
16130
510
7366
29
9922
4376
5068
7946
1825
17909
6031
15578
12391
7580
4487
15615
1833
485
15266
16617
2689
6327
4943
12395
11845
18095
4779
10618
2944
8007
14072
12558
8461
13499
5425
9788
4704
14404
10162
7063
5723
8435
2461
14646
17457
13766
13872
7057
7317
3627
3814
17320
3166
13802
15044
16171
13213
926
14357
1527
7541
10540
17750
13009
14906
4077
10853
5615
5385
17526
15606
7901
13759
16319
904
16557
1612
8614
9719
4447
1255
14214
12429
16500
16929
8771
2379
14631
4172
10377
4190
10072
7882
15765
15593
6881
1024
11993
17236
7174
13028
10789
4509
3993
7731
7018
9551
12240
11335
12134
17395
14218
1587
13065
17726
11433
12433
7281
15302
8873
10784
7392
17429
4823
16949
11647
7334
13074
18001
3843
5036
10314
3505
9242
6333
6507
676
17735
553
16285
17259
5330
11259
14581
3240
7689
5497
16901
15317
11497
12465
7600
6030
17329
13588
6911
13934
5678
13784
6838
9815
9743
1426
10361
7753
3631
10198
7894
6467
16911
4809
14285
12773
16055
15172
14578
6867
16493
6009
1430
2064
9185
9043
12230
352
8485
17671
12304
10023
17473
13986
16748
2700
8876
11337
2437
2241
11164
14365
10612
14979
17694
9777
15437
1720
5794
5310
11689
12365
10918
6257
12838
14271
18012
5839
17022
11310
8913
12936
6007
12213
3378
4167
13420
4411
2844
6413
14028
1820
3322
5989
8612
9767
17615
6636
14889
9731
14476
1852
1807
1637
10177
6936
4502
2618
1761
8208
1422
17463
13334
9611
9177
638
4660
6679
404
793
107
9969
15417
572
888
10755
7816
14068
3175
16433
6443
4880
4540
17368
14400
2232
2475
14747
7228
1188
12423
9726
9910
14156
10331
8211
191
5391
9105
12522
15283
6476
11287
9730
16112
1388
13968
6720
3961
12983
13964
5955
10747
8318
13055
7506
7744
10550
8212
14499
16313
15068
7665
276
4121
5032
14151
946
14378
4455
5021
17182
12994
5450
17648
893
17301
8791
4882
1539
9796
261
5818
2304
8495
3816
12954
555
17762
16629
11254
15505
10062
3428
9687
10768
15150
17646
17245
3642
17045
1315
13048
12117
16186
13091
15567
1055
11931
1446
210
1107
10175
2782
15361
10348
1675
2133
15421
8258
11058
14530
9308
15953
7478
13183
6465
7422
6430
5628
16156
7267
6168
982
4018
14264
15864
11828
202
271
4525
15152
2841
14025
8516
9884
9061
12960
5653
9201
14013
8766
4591
663
5565
10334
2975
8093
230
11277
5972
3021
2631
1347
15228
12573
7112
5318
11467
14485
14015
10884
16438
12186
17205
3421
17072
9897
279
17709
17403
7915
9508
16218
15251
11400
3934
3197
2202
3005
7834
7953
10594
2994
14559
7
7474
27
7707
16187
8332
16087
9325
10894
5626
16655
14090
10028
16598
14298
12211
1602
8000
3535
5027
10740
18088
16848
12682
6611
625
4884
1582
14207
9739
3244
6630
13501
13843
3787
14035
7827
1984
4514
3824
14946
10982
9682
6338
7184
14905
17835
4902
4175
12045
16589
16582
11665
15963
15441
13431
17464
7232
8274
3153
7888
8184
13582
11429
3218
17823
10813
12762
45
3323
17107
5943
726
6286
13220
4821
1368
2446
7290
13174
10340
1994
14585
3337
7167
5863
11511
695
11587
3235
15292
4063
6395
6614
7589
7277
11490
10806
12626
8956
10820
263
15254
6240
12262
12542
14510
13673
17976
14443
13386
10759
3997
1219
15773
2866
10041
6344
7296
5274
17571
14362
4268
11077
15616
17859
2334
15467
16510
11106
14854
17086
6123
3547
5239
2593
14454
14711
1344
16286
11114
4804
6612
6138
615
4744
2598
4709
15084
8629
4448
10993
17918
10931
10707
10966
16064
13440
6478
10698
10119
17244
2602
12221
17327
9006
10501
2474
8326
5180
14150
12791
3552
8893
838
13989
6705
10878
1086
13468
3890
17328
14119
12297
17273
5423
3740
4936
4374
1554
3813
13023
11783
529
4928
5210
11293
3960
17318
9381
10963
4951
12000
12947
6622
6415
4035
4745
4433
13456
16071
9463
9228
10551
7428
13787
2560
14509
8175
4183
11889
13984
10210
1914
13131
10457
11014
16945
3531
1977
3681
10381
4466
3493
10758
7510
13602
251
5248
17062
15468
17039
8636
3999
12156
15877
13244
13011
6171
750
9374
17825
11069
7664
6128
1821
8001
16184
2996
12469
8145
17212
16940
11717
15582
4892
16585
5153
12482
8011
14142
7355
8122
5077
175
8024
6548
12648
3223
10809
472
10810
8945
4491
5511
12830
2652
6248
4978
6760
12278
7358
10169
2969
4469
5704
8341
2510
15347
7626
2858
2315
6454
7917
14392
15334
6201
17257
16488
15193
17235
3757
16222
14462
1294
182
12770
14459
12057
5458
13909
6059
1667
13033
10137
2868
2983
11597
7515
194
14440
12310
8075
15747
9322
1931
15376
14761
11756
6792
7362
438
2299
4825
13107
10951
6269
9129
7849
8479
9708
8802
17419
11929
4713
5040
15365
13500
5304
9152
18070
1197
12905
16650
2141
2809
13825
12781
4060
6172
6049
5136
17263
10861
7893
12880
12299
7083
7728
14908
3621
16449
14178
10817
7173
3500
786
5426
13148
14274
1062
13236
249
16388
14127
11267
10634
8028
2263
7434
2934
15881
10889
13229
185
211
4114
2162
10957
16384
13166
17679
370
7436
15310
7704
16287
1666
6063
10939
9352
10166
7471
1745
9614
3809
2255
818
1099
613
6505
8526
4542
17544
13603
9658
16986
610
10497
14525
12809
11791
15176
13826
13973
5487
9753
13762
15974
10048
3036
2919
8698
4983
762
13893
11263
3937
12658
14267
5445
10981
16887
2537
16920
13180
16556
6187
9491
12645
10121
10151
1442
8549
16010
12214
16876
6055
4645
13002
3064
2403
7367
12501
4597
4413
784
12389
1118
10920
1577
4462
15041
12472
11581
573
13110
7023
12226
11555
15945
16481
16604
9145
225
14018
3248
5566
17238
12685
5873
2131
3598
13538
195
11251
13494
3887
9932
6905
11804
9965
11223
13974
3276
8668
10303
17195
7219
7673
12151
11882
2085
7430
3108
9466
10944
9615
15433
6910
15673
9209
2296
6083
8378
17408
13273
11653
4415
4200
2019
12044
4010
16696
8944
13080
13779
6535
9681
8315
8659
4274
9852
3389
12753
8810
17438
7961
14997
8089
9093
7078
491
15806
9698
10998
2961
1772
12505
1208
13675
4551
3043
17105
9213
5933
11463
7701
5517
8948
5596
15651
17389
17595
12123
15461
7778
15511
7505
6350
13444
9487
16108
7637
16908
13342
5467
5178
9197
8119
15986
11461
6859
5623
12126
2544
10738
11849
4679
6898
14148
10104
7812
11032
2043
7013
2274
17858
2176
4489
574
13151
1475
1147
12373
13287
13117
15748
6907
2121
4449
1278
8562
348
13217
474
16105
6141
12042
16012
516
14125
5
13930
3224
10415
10967
12234
14814
12099
8529
9494
9503
14874
8054
13451
405
9251
12382
2389
15071
6834
10841
154
18007
12965
17131
11003
11064
18013
15678
14317
11026
10454
10343
6458
13613
11271
10569
2904
9203
1625
8654
13756
7720
14602
12338
13325
4392
4364
13461
3269
7572
5969
1809
1433
11406
17628
3481
12893
4584
3591
4022
13365
5432
11568
5974
13484
571
14648
7774
13818
12327
12525
1719
15918
5767
16197
3460
5325
3990
16027
10066
15285
15553
17501
13747
13744
3140
15146
16360
12093
14526
7364
14110
15550
3533
14967
13596
13198
2717
7042
541
8790
652
90
14899
5493
1029
11118
13833
15851
3613
3648
13629
8585
17486
10528
7223
13919
3986
5880
10174
15590
13785
16242
6648
12283
12360
7763
12067
2614
8691
12681
9560
13407
913
607
13135
8986
1492
5267
8164
7803
8720
2341
3723
5917
10114
12867
7672
8702
1030
17702
13632
14023
4294
6387
13291
7565
16928
9833
2897
3232
14189
10034
17999
2390
11249
1251
16044
10125
3707
12394
15850
6343
7939
17609
12318
4160
15297
7727
8799
4792
15605
11202
16495
16995
1698
16162
2802
15278
2569
6336
958
12407
13722
5660
11060
2707
5358
17190
6716
11834
6039
12732
2067
9555
4695
8077
5296
5538
17932
10403
4100
11158
1284
7967
5576
5749
11930
48
11037
5389
13262
3674
4389
1039
8209
4177
2245
10504
1382
12471
12112
4038
2597
5072
15226
3823
6066
12086
8273
11899
983
10262
2630
1072
15816
8626
7666
4689
4721
11914
4464
13575
17814
6595
3381
9069
5692
2345
3015
17092
11398
319
9366
8036
10312
5709
2634
3690
17349
10883
3755
6259
8076
4610
15442
384
8474
11217
13723
6418
2381
10390
6330
15947
853
11522
13141
6850
2021
6419
1120
16689
5947
4832
1288
16784
1076
3914
8919
3085
12734
9553
6088
3639
4087
7891
9272
11951
14284
11813
12374
3515
10103
3344
17462
17938
6900
6046
15713
5166
1636
12933
7909
16058
3010
15060
11380
3518
10826
368
581
5197
6278
14230
15904
6400
16864
11888
11012
3636
14624
9288
5416
7365
3900
4706
4777
181
1267
12530
17836
12154
8343
11053
376
2055
3891
17291
3994
8697
10116
10724
16041
5104
16231
10791
14042
14305
11315
12636
8486
1217
5500
9904
1627
6134
11005
15764
8426
6036
16153
118
3532
937
8262
1175
1264
4705
14700
3405
1728
10933
11508
6368
7147
10488
4000
1104
14116
11328
12848
10792
9
11228
16866
2209
1348
6962
4027
1603
7612
13125
189
15759
12308
15121
5673
1150
1812
5550
7776
8192
11946
17925
9707
7258
4174
14263
6928
14176
15295
16123
4886
2950
14819
3141
6553
6625
7328
11178
14223
10060
16434
4662
1038
17067
11630
4029
4861
10189
5041
15934
13493
8767
15595
6384
13127
15716
5117
10684
9523
15081
7806
9837
9117
16656
3436
17766
5532
3176
15281
15670
938
337
12632
11696
13092
3687
7898
6732
12266
11110
9709
13854
0
17967
5577
1210
9396
13846
918
12059
806
3925
9941
2884
14465
16796
8496
2732
4914
3611
7109
17681
16408
10430
4844
16736
2463
364
13470
17477
8394
15908
8459
11282
14543
17969
5478
12071
8874
12363
17517
11211
12015
6380
5492
9332
12187
6693
7577
10427
7912
14620
17573
10142
12833
9162
6980
5482
5950
5388
10392
10978
17908
7992
8260
7842
10089
10213
5100
6109
5832
2737
16969
15106
8660
796
9057
11641
13130
7030
17372
1230
1531
13252
617
12470
15709
7962
17032
9786
12591
10117
11644
1659
11185
10701
4064
15022
9887
13607
7916
12922
8591
15781
14674
2171
17074
8505
7872
7049
14104
9299
14450
15609
3267
5683
10077
415
15195
15883
6647
1766
4339
11048
393
12706
5992
9215
91
2650
10371
3672
3071
8622
16477
6594
7601
1908
13614
11388
13062
16730
10816
478
7884
10046
7390
6683
12640
1346
10054
12445
17033
15845
15833
8312
5285
8288
13605
15039
5351
4236
11574
289
2633
7284
4331
7550
5998
252
1881
10203
13736
17090
12662
14736
10313
5809
1880
16063
10087
7005
148
17817
1451
4066
10805
6110
16684
6795
12255
17712
2755
3014
1878
3839
3118
8745
13030
21
14427
15309
6494
5335
4992
9621
6682
12953
9235
14082
15523
15551
7808
9824
10306
11275
17717
14491
3308
13496
2624
16229
1649
6770
4094
10510
4119
1355
11083
14718
15370
6827
8747
9729
1177
17394
7299
16774
7663
17809
9748
10449
17099
11798
13518
9267
10589
8679
6328
4869
10566
16835
7559
9598
2097
4538
5658
17004
5537
12097
13323
9567
13459
12359
13616
16136
9263
8284
967
2192
13005
5029
3090
5283
14875
11163
12104
12218
5348
9866
13587
17239
13659
1936
12506
1059
13542
11082
3799
665
3191
1622
312
6632
5139
549
10070
8752
15503
14882
2805
9575
16040
13320
12411
9319
13322
14577
14902
2767
15734
7357
11854
16896
10697
4790
7266
9167
13797
9091
17379
8022
16038
11336
7161
17618
1473
1521
3695
16786
1176
6321
12716
14895
13214
1360
257
6226
10382
11439
1917
9572
7801
9443
5484
8114
7789
1191
17553
14055
5249
7312
4703
5694
7311
11846
18045
6316
9062
15087
3847
13441
3728
3072
827
2898
7966
6772
14709
5121
15040
4802
1851
3577
12741
16024
1552
8930
7951
12267
14030
6664
17933
8738
18044
10651
2724
11000
8466
10766
11688
11445
10825
2521
1277
17760
7561
12852
16988
3985
1354
7703
13371
391
15913
1648
10984
1787
1211
13097
924
10786
18086
3271
3649
1782
11145
11296
6617
17141
2109
5477
15585
11353
658
9925
1138
10780
4661
11140
18055
12421
2363
17064
5343
10293
1748
16962
2003
15117
17875
333
9986
935
5578
8335
1047
12284
6295
13358
14717
16806
9608
17302
6433
9446
9678
16647
17459
6268
14739
16714
6717
701
8677
16813
10324
8423
13264
3983
7574
2524
991
15157
8015
13202
4034
2851
10692
9340
11551
12095
13819
17944
10235
7807
2557
10475
9826
3926
17174
15097
11092
12788
18061
3683
1501
17166
7310
17241
18076
5817
11788
8831
15740
4313
3504
14742
14420
9929
14188
9816
5982
6256
1750
3160
11529
1985
10359
5174
14714
5303
4508
14117
16894
16937
8068
4323
13433
17467
2451
10872
7705
13532
11733
11507
6288
1723
1276
9146
15999
5708
727
11722
12866
3715
3151
17534
17515
13319
11423
2972
7717
15813
2432
15332
10432
7798
14776
6986
8667
8574
6397
11895
2191
17533
16955
9664
1351
11383
16175
18081
3075
4436
11401
15852
14249
16973
12268
17346
14771
5792
14555
5446
3525
8953
3462
10452
9539
6749
14202
14774
7298
4203
17686
1790
8624
6065
11607
13669
11024
3253
223
5939
671
8174
17213
13858
11054
5725
15611
14684
8807
14139
17520
3576
2785
13173
13953
4115
15568
4471
4137
15462
3422
9938
3247
2780
7062
7451
7033
580
14521
10350
3457
735
8079
10987
1742
13791
8690
3362
11745
1065
3844
3721
6641
14470
13376
15554
13881
10753
13128
3529
10812
7800
9304
6190
9935
12864
16497
15303
1025
16494
4125
16066
16406
716
3950
6697
17155
101
2193
6388
16216
10601
10893
7517
876
1553
10286
13346
16440
1393
14939
11928
1529
8161
10517
8757
1468
3763
8003
16702
10012
10397
4246
678
4008
9568
4667
3459
2480
10581
9766
16473
16405
13686
662
32
16143
13695
9286
5281
15111
2163
7899
10380
11737
5542
4723
1626
1341
8379
10661
5070
15224
17982
15373
11195
307
11544
16821
17360
5315
3327
12158
8021
15975
4865
1861
17546
361
5279
6103
1969
16412
8587
7332
3039
3782
16051
15982
5430
3437
13808
4866
14845
1632
8561
16122
2885
12545
9190
7835
12063
17783
17455
16032
12785
2374
8630
17265
15217
17987
2472
10644
3110
4368
10688
10915
7786
10643
10384
18029
6127
16687
1964
16679
10734
14199
7461
17352
12534
15454
6449
13753
2425
13672
7156
15055
16081
16605
13649
15544
6884
6581
1892
4696
5912
10250
8316
17035
6777
3907
15948
6673
944
2603
8017
10110
655
10647
5182
8684
710
1376
7866
7562
1770
473
11639
3701
4879
3566
17298
11242
14534
16182
13282
4140
10308
2118
7050
4394
4795
15477
3924
5545
15042
11836
5737
9262
3502
1502
14791
14724
10291
18049
13504
10507
4408
16047
953
15901
2101
12212
11413
8541
6075
16975
5690
13
1755
11880
16487
8061
14349
10584
3734
2941
17151
14994
15008
17732
7876
13373
8600
13661
7611
8304
10596
12414
15912
16243
6342
15369
4505
13945
15844
2728
12871
4012
16841
12643
8051
8644
9953
12713
16850
8862
8242
10520
8399
17996
17587
963
7238
11589
17514
2680
5634
3513
1240
2843
6165
6862
4375
16377
8658
16869
15138
18053
15243
13284
11640
11273
10058
10559
7221
4949
14649
17274
1332
14699
7125
4940
15907
15676
1645
5463
14268
1043
13658
6115
4133
719
714
8724
10728
881
1395
1913
15222
10010
5882
10676
16398
12701
7347
8999
16964
10039
6557
424
5816
5395
7512
9428
9045
17353
5465
3093
15034
15155
5276
17243
3811
15078
13454
11610
13699
4752
14655
2753
6603
2287
1164
1127
16733
14727
15144
15185
13488
15488
13888
906
13544
7519
15276
12669
11107
3930
14887
17452
3944
11580
15108
2052
8828
15500
16230
117
12120
3764
11565
17260
6441
12440
15597
14561
11789
9875
16863
884
2313
15808
10001
13477
17240
17436
9843
12306
11984
5946
4218
16422
13328
9306
15305
13877
15293
13353
8775
4031
15093
9877
1544
9370
11411
15566
3653
13397
6628
10696
9725
5402
12381
1304
12065
3578
1925
9409
13503
11885
3045
1421
14957
1813
3758
9943
3350
12021
16915
15381
332
3827
13448
13402
10002
16646
6666
3746
3454
14912
9765
10638
2115
12929
9846
14745
5453
5602
12425
7937
15123
8596
10549
17286
6304
1613
6820
9770
4619
1091
15344
2119
85
13891
3447
14200
10824
1234
1623
14163
1532
16091
12037
3339
5011
13206
11232
6224
13472
2009
10205
17695
5811
5813
16681
12484
6699
14335
5827
6140
5712
17738
10666
10623
15396
8786
3662
3834
17656
8808
850
12286
2861
2506
9474
11212
10013
531
12949
15330
15397
15583
9745
10587
12023
526
16036
13170
16611
4533
6977
8053
6592
20
3692
15139
11274
2470
10021
14663
747
433
12853
12950
7960
4372
7329
11468
11937
6509
10069
8987
7560
16255
8772
7605
12295
6204
550
14201
15728
11071
2077
10111
5359
17589
1308
554
8638
10094
4962
621
9763
7482
17406
16889
544
12992
2831
8302
16807
15277
15680
334
12878
17807
2160
13471
4771
11546
10252
8100
481
7330
14
17490
6339
15846
11391
9120
11141
12840
11427
4767
8460
4979
4465
9781
9830
13992
14940
14246
14903
12207
3776
10444
13904
17531
5528
1392
15304
4527
1490
2586
12312
103
7745
15531
14552
1545
5904
6668
3017
13942
3380
2183
12070
10405
8635
1375
7012
1049
11518
13716
3700
9148
16649
659
6493
8352
2811
8314
825
1798
2958
10255
12544
15861
12738
17420
6610
6591
5373
9207
3522
17025
6889
4648
13899
1967
11030
5523
4615
5295
9640
10725
6984
14975
4953
14673
17215
1131
9902
14256
3413
3587
12437
15192
10583
16612
8741
9018
7775
4592
6519
2993
9734
2659
5714
17258
13807
11081
5674
11686
10317
17369
11241
17621
12434
13060
4552
12984
13895
6017
567
2204
6562
11238
2675
6866
16351
4292
7070
7379
17522
5788
2187
10017
15794
15448
15652
10620
964
4326
1877
347
4605
12735
6938
13944
15720
6119
2653
11269
1966
14838
4908
1961
11157
9948
2439
4988
219
3257
15047
16464
10148
301
3628
2388
15239
10091
11021
2883
16600
374
5790
13105
11695
15556
13742
11805
10141
16180
13123
7595
9414
7435
15412
1183
17745
4958
8857
84
1689
1463
7610
3768
4600
11063
13396
10112
4907
8475
13227
15275
10195
239
15892
14282
8392
10617
9920
7346
14269
11926
10429
10170
746
16780
13164
9214
5054
7863
1857
3183
7818
14265
11072
14725
17225
12708
16349
17902
2184
12527
3719
8555
14520
5266
3838
6293
13901
7714
11586
11658
10056
17808
576
7204
16603
4526
6783
12553
5271
7449
1439
14289
13021
6596
16483
17378
1035
8538
16073
4674
15863
2449
3243
6961
9282
3548
11399
17414
9059
8655
8866
12343
10315
7055
7136
468
6053
1300
7538
17331
1556
1760
10737
16476
8098
434
6757
4741
6013
14087
4267
7185
865
12209
9856
1135
1411
4697
14890
12700
9161
2702
5843
10720
12641
5212
8613
79
16872
12419
3702
12399
6150
2329
15914
11615
6687
17643
10108
14633
14081
9351
2519
5936
17600
14393
800
15316
287
3057
13147
3130
11010
17882
5675
9631
10207
17083
11558
3699
3426
10652
17317
6208
18071
16804
11685
16799
13072
9318
17602
4116
8877
7883
1853
8149
14568
11949
15154
4556
3433
8123
8050
14146
389
23
7662
1256
10398
4252
16389
3186
12633
12881
12532
14595
15253
9751
12668
11087
9357
500
17162
15351
6685
5147
1385
13294
8872
5208
11986
13395
949
9585
8665
14983
3485
6800
11366
3762
9165
16336
11797
9154
13519
6464
9174
860
17592
11614
8306
2044
5355
14089
6390
12499
3770
6440
12333
6791
6378
1652
9697
6353
15865
10300
3137
3977
8408
14461
16530
13012
16423
12152
5464
8424
11723
11678
8494
197
2795
1614
13326
661
2525
15490
3192
1214
11691
18103
11768
7773
17511
8645
9547
1280
8420
1126
5934
4948
5057
4773
7403
2046
4535
7015
10295
15834
677
10461
3055
11672
5772
3882
10183
7606
11749
10741
3503
10289
4726
17311
17355
6337
653
16101
7658
14056
12125
3545
13478
17564
817
8339
11298
16492
9217
6481
10560
13691
1849
11431
13401
4349
10053
5529
2836
16095
11637
1313
1015
9183
10362
6631
1572
10942
16588
13098
4307
1923
5198
4161
8640
3483
9592
12687
4414
9536
99
2942
13255
7906
7144
1221
7526
14562
6762
9790
7668
115
14037
14002
10216
2705
1947
16402
11270
14410
6124
12674
4363
9990
11663
9132
9399
14217
13525
8547
10176
4288
3065
18040
15924
12011
8257
6196
16842
16877
10950
15062
5631
15014
6095
2699
12695
14455
3211
8764
5485
15681
1242
14228
111
11848
2175
17961
17512
4289
10106
4671
4827
1045
16092
12777
2953
7014
5053
16371
16985
1657
3136
15962
17844
9628
14152
584
7405
12029
15960
17567
5076
10531
8226
13417
5043
7407
903
13920
819
4900
17538
4056
2252
8566
16484
1834
7978
1796
16141
14758
2579
2027
1057
17572
7153
3058
7622
6457
12153
12924
651
7709
8497
1731
16825
14161
4097
4334
15558
18080
5650
2896
7011
3217
6474
16512
15148
7691
14105
9810
13805
14145
6924
13257
14003
6786
11098
13200
16971
10533
17474
13357
16810
7234
9108
22
16765
13965
2301
15362
5953
14340
1400
10272
4656
5787
8385
4630
11619
10239
11295
10823
15101
2138
13625
9163
10606
14618
18067
1938
10068
3858
15322
13283
6992
2117
12258
15842
12719
13962
16561
15896
137
13186
16888
11177
12217
259
1611
16035
6944
12843
8103
15843
5701
4555
12330
427
14383
9005
15796
6824
3828
9098
5707
7187
6860
12814
6619
7768
2793
5323
295
372
16045
11894
3876
10628
16615
5773
17059
9403
9392
5975
6242
12937
13804
15497
10163
8610
10899
7061
7644
388
4430
12140
9345
14255
1706
2045
15798
11194
12256
6600
2965
13156
9497
2106
10797
5546
9109
10665
13760
11996
9237
10675
15726
16787
5605
13936
17421
14185
12980
12590
12494
4438
11301
4266
10494
11890
10266
6431
17356
1017
11231
11487
3800
16549
11056
9082
14130
13172
16801
4860
4366
13372
4136
16976
16856
2017
8396
2297
9338
7289
16685
6539
12851
217
9232
10352
12366
16854
11265
7845
9780
16399
12697
12886
16299
11121
16339
12242
12500
10414
13126
13646
15675
16723
14281
10579
11953
1428
16875
11129
14153
10563
16761
9722
4013
7770
15147
13271
9952
16078
1285
7226
4618
9086
1128
11408
12702
4484
4834
277
3802
15838
11821
7118
9034
7274
3971
1302
12188
4657
1488
8113
18018
240
10302
4173
14683
5770
11198
4559
16563
4170
8406
11719
14245
10717
2520
14707
14397
12869
1932
7879
1404
11866
13906
4149
2056
12870
12265
8182
2529
8568
9947
9211
6029
8978
1537
9690
10149
10949
5905
11113
10779
1725
5186
16185
11104
459
12919
11175
7302
7756
5247
16364
11133
6072
5855
15184
13642
13359
4147
13426
6270
11300
8250
13735
233
17160
4575
13153
2371
16439
156
8852
8323
5913
12854
8016
11317
9945
16343
4759
8253
14641
1119
1991
10451
13656
17819
8936
14193
12189
14524
3027
17597
9225
8920
2847
6798
1665
18090
10649
9972
12758
10557
11062
10374
12709
10115
7736
12479
16183
15542
16061
13539
5257
15346
12257
10593
14567
962
9540
6427
14062
4642
17661
16059
7699
1090
3645
10658
11007
14505
3623
5181
9672
15858
12836
14943
4974
5700
17655
14877
1187
16673
17605
11897
13051
15394
17970
4193
13182
16938
4816
1326
12259
17507
3786
16592
9661
5632
10538
12568
4043
13608
5851
5232
10049
14403
9836
2749
1480
17803
4347
8217
10167
10814
14183
7102
12064
12143
14583
1838
14478
1509
10722
17380
371
2058
3465
13993
6559
6634
14418
16706
16618
16250
11762
10672
16860
17351
15586
5509
5699
16551
10281
2370
2228
16305
8965
3440
16755
9924
13464
4607
10219
7790
6706
9257
11824
9000
10858
4683
16729
16254
4933
4665
10145
2037
3853
5845
443
1690
336
17958
1424
4722
5935
12868
7621
6348
8834
14880
11459
4221
17798
12962
13001
9794
13907
920
16745
17348
2083
10224
1044
7623
3942
6480
2457
7603
409
6742
4314
2422
5437
9878
9101
6093
10440
14695
8084
10695
4163
12263
15451
890
3435
2231
4214
6186
8985
10645
13966
10214
14549
14374
2655
14191
13466
4178
3737
558
6681
2153
16052
13817
7110
13885
14422
1489
9309
10693
1781
7124
12589
16280
9387
11907
15453
16268
8170
62
8167
11386
12989
5756
11052
13269
12972
5563
157
1282
11373
1883
12850
17952
5375
11726
11923
4196
3519
17630
14720
2879
10482
13070
7427
16642
2090
1178
17527
13435
9294
10209
16082
12842
16996
17005
836
14466
12845
9989
3915
6999
9787
13982
7473
10976
14295
17603
4613
12578
5929
6160
15799
3387
1793
6982
8085
6131
17525
16849
6340
17796
16711
482
13634
8597
14640
9002
12113
2218
5333
14388
15052
4418
5192
17665
6654
15201
7272
2477
10505
12862
13145
700
4210
12279
2306
10518
14059
12074
3273
5567
13956
7489
17743
4164
11059
5519
1481
7073
17824
6354
13878
10749
12439
11341
3617
14425
2122
15054
6
8183
3688
47
2794
14802
17332
2581
3105
12514
17234
15115
6149
1469
3620
1477
5461
4016
14286
12981
1976
12698
11342
9548
14779
8097
6352
15820
17905
8401
6347
2484
4348
9354
6421
15562
14124
14181
1816
5322
14412
14954
15241
3484
16832
9153
8032
5381
11253
17658
13516
9879
4803
15739
16819
13277
5473
128
11132
3790
10229
15941
12173
16022
1736
18052
12650
12053
11792
7688
3116
3451
12177
13211
6927
3251
2442
11732
15258
13967
1547
17044
2028
3825
16528
15769
14738
548
11831
6707
2394
3032
11576
1478
3297
16725
12858
12018
4151
717
10750
1700
13983
5272
11729
11494
8719
14101
4778
9289
10798
10204
13267
8918
7777
16739
6635
13207
14463
16746
2628
9696
17178
3496
13724
6515
16415
16503
5835
12638
7301
15702
12478
1988
6844
17510
3514
5172
968
3619
5585
5553
1310
15406
3112
11561
3311
14961
12660
11684
12935
10948
6112
15245
1001
5695
7438
7371
940
11530
8483
15069
12331
17644
1345
11323
11668
2743
2571
382
15804
14576
6993
12722
10273
10513
8580
10590
6624
73
11743
10061
2725
11869
6963
8949
7443
14572
6479
5415
2541
9557
13296
17091
8563
15162
10735
12680
15792
14321
8410
5431
11570
3846
3842
15436
4308
5800
620
15992
2514
9616
13281
10521
823
17682
911
12131
7931
430
5152
9173
17216
8755
14495
14789
5345
13429
886
11844
14900
2300
10372
1888
8758
6871
5685
7553
2177
3788
1683
10478
745
7660
2004
12325
15894
3739
7028
8048
12305
7440
16220
12369
11417
9590
7547
9326
7820
1190
6331
3964
8760
939
8706
13994
5115
9159
10730
12025
15153
4476
6276
12115
936
17279
467
1409
3854
9133
5386
12653
12672
6782
2677
16425
6561
16808
8962
14337
10834
9581
16583
1758
1578
3538
1762
11498
8571
14111
6024
499
9648
3242
16158
16979
11968
9218
7175
441
10345
3562
794
14370
14419
15415
6002
8321
6434
8647
13487
4261
15589
912
4751
14233
17219
12107
7141
13606
2517
125
7838
3751
5280
1133
469
17759
17339
6252
5512
15706
15374
10264
9504
4534
8871
5740
17382
12163
16114
6506
3586
9870
9971
7833
955
14553
7483
9321
10787
11692
12768
12703
14473
6626
17282
5019
12068
12205
7293
14888
4324
16859
11611
4336
10489
1891
10322
11008
4864
17337
7122
17009
12058
1875
4517
11992
15899
2875
5028
9653
1343
4991
15618
3314
3059
17556
11205
12191
10184
11656
12454
8544
8784
6497
16874
12336
12560
16240
641
14229
9356
5051
310
7319
14334
15086
4046
196
5160
13970
13224
15659
7624
5499
10909
4337
6394
8437
15996
6957
11517
2283
17689
3780
9959
1975
60
12555
12827
3730
17201
11252
5128
5409
16641
15810
7955
1565
9927
2774
12376
16211
15443
16811
1449
13285
14407
15063
4080
6906
16086
15654
6985
12975
2155
12742
8847
15559
13838
15348
7874
1512
5599
17423
17565
15697
13682
10202
254
12146
13564
11148
13553
2786
14930
7074
17693
11368
10469
2789
8789
12002
4806
6711
1083
7932
3596
11016
431
9266
15012
13574
11857
1465
5987
6445
8850
9872
13840
8998
10082
16151
6292
9343
5356
6796
8237
7231
17722
7192
535
2343
14550
9721
285
8782
26
756
9379
13185
1949
14548
5332
9187
14061
4427
17006
2636
4052
326
4569
9926
5253
6852
14253
3963
17375
16221
17458
8796
13150
15206
1651
15208
17984
9316
5771
8543
2099
1324
7958
14065
11721
16396
5336
6050
1685
16525
16311
3214
5663
177
7741
6082
9365
6489
14538
12098
15336
7446
8975
740
11904
630
16033
9818
15127
5923
4895
17942
13839
11617
5501
12237
2657
11657
9404
367
2006
1303
14876
6702
13950
11818
12309
18003
6996
754
4452
17426
17040
4925
17731
9908
81
11309
15824
10299
13565
13558
11679
798
10459
2431
1783
2147
4622
2925
8451
97
16508
7082
10339
2642
708
10630
4893
4473
1830
16361
15099
4847
10860
17171
3753
10934
11374
10285
12420
17622
14421
1579
2243
8556
13195
8370
6587
12993
5677
13087
5251
8891
16880
5023
1437
15949
951
3199
11974
9805
5255
9979
9047
1566
5119
10465
857
1408
9160
9481
16288
5101
883
4714
7145
12826
17456
10585
13670
17465
8004
13329
8286
6629
16953
15879
2939
15026
10616
12138
11952
11491
14033
13535
11955
14942
7172
11652
143
13235
9886
18079
6858
11207
14088
3318
15207
2448
9372
14000
366
15546
6147
10905
17096
9892
4571
9076
14346
15475
16691
4753
5516
3568
13566
11066
9375
16265
16337
1215
17222
11226
3516
4057
470
11944
10136
15338
3303
17978
2600
4909
867
15561
10481
9313
1721
8334
14960
15548
2756
3351
17400
16883
12307
4317
15693
10064
11673
2693
4969
11959
3452
16404
4007
12084
2715
11877
7738
11488
5341
3415
15128
4309
15797
7066
2550
2804
16802
9656
3716
2360
11564
1986
7320
5439
9686
17365
11495
17839
6054
13225
6271
1621
17989
13731
7413
15575
12148
11182
14950
14592
3302
8882
10027
6404
3123
17776
11034
7043
15426
16346
15227
11549
2646
2333
6778
5850
17034
14925
14051
17476
16534
4059
12584
7613
14554
11248
12614
11105
6893
15259
8548
10553
954
8805
17868
11450
12051
12244
12559
3637
17521
6921
12165
1780
15737
4946
2665
2625
8324
3956
10929
16074
14401
17383
4201
7117
9680
7911
2573
10677
8377
10867
6826
17029
8517
3150
16861
14658
6567
16008
17264
11667
2444
10190
4887
13810
6491
9704
14945
10031
6737
15721
5313
2840
14661
1032
6094
12342
1206
3438
8329
17684
3033
8300
3710
4103
10706
13549
11076
10419
7159
2415
13120
1012
3051
14359
6816
15780
14766
5849
995
17075
16519
17358
11234
14528
3558
18087
8478
14347
9493
10656
7376
4109
618
16169
1225
635
17214
8567
4831
14917
8592
11027
13524
3161
5864
16816
1569
2080
10037
10807
493
2738
386
1106
14496
10316
8634
17518
8955
4783
11278
15944
4320
13265
15869
15601
7679
8244
17087
2284
12200
2020
9413
1369
10818
6045
5642
12196
9775
2685
14102
2872
15080
14901
168
11127
1506
12796
13370
6299
2914
4734
13665
8083
14168
5587
14488
17749
7485
13578
3025
14703
10287
4647
3644
11262
14931
12543
16818
3898
8806
12778
1014
16407
2669
8892
16554
16738
9673
7805
12316
10159
4405
10156
16948
10801
7824
5020
2522
8218
13390
6590
5806
3170
10363
9593
4854
11697
6194
5411
7796
12004
16167
16614
6310
9597
12314
5901
14209
8492
15414
2515
5637
14719
11186
13746
909
11031
9842
3019
10245
13700
4230
4519
9249
10040
17396
9363
17576
8187
15629
15822
870
5997
16879
11582
5324
17950
8368
291
15471
172
16403
14692
14155
17249
9175
5055
15107
13356
17992
11084
11475
11550
15092
9556
6750
1309
3332
11181
10257
11552
11390
16834
10473
17053
11584
14315
4757
10912
13036
12860
13270
14132
14439
5865
5554
10980
2476
12934
11203
15418
3473
4620
5847
1605
1425
1010
1260
158
1656
15895
14012
15989
15980
13710
7126
14027
16715
9391
10532
5803
15264
3392
5007
5401
3011
8355
10926
1098
1687
10897
9754
11983
8498
7539
11078
11464
7987
14831
9253
6873
4223
8020
12405
4286
15669
4994
2180
13704
11922
3660
5993
13443
9736
2040
4845
6191
11859
16636
10546
11590
5944
9779
4733
12663
15785
11150
10241
3007
380
6842
2833
3867
4835
3745
8456
12670
5601
24
2227
5897
15643
17549
1757
9411
8169
1951
18008
4141
5360
12118
6970
10974
992
7910
15749
5686
16790
11264
14471
16394
16560
13750
971
1692
848
12448
14070
7090
12673
10147
5189
16424
6473
14138
17146
688
9008
12235
4082
773
4155
14833
887
17165
1163
17813
11364
7852
14664
16093
2907
15246
15072
12946
3016
3443
10788
8928
2641
7157
5364
629
458
14609
2436
11541
92
9484
7657
13615
3139
17142
7508
9659
7022
17980
11308
8970
5026
9495
3296
4808
6806
6692
13392
2312
7783
12229
5220
14757
10702
12
8859
8598
10393
7199
13088
13416
6261
4176
11135
15959
7490
11879
16897
3464
10376
5833
17799
3135
17708
4873
10336
17879
16912
10079
7341
12386
11340
3618
15165
288
15220
15882
7724
5219
10109
11669
6459
10512
13305
379
3772
7040
6306
17811
12227
14691
248
2783
5651
10033
12332
2735
12219
13764
13697
715
6771
1639
9946
4068
11430
2377
7038
17194
16126
13222
12964
9456
8756
8525
17607
4717
16543
1050
11734
8465
7633
4904
3918
16833
9637
14310
17641
2081
14754
15202
3354
6026
9051
1093
16264
15483
5452
15925
16138
15324
17431
5930
15767
3982
13121
6399
2880
4224
14457
12572
7459
10364
7650
16077
2452
17081
9606
3563
12755
417
1445
17599
15994
15088
7787
10304
3599
10059
8457
1292
9227
6453
11786
2502
17418
15875
6672
17931
17901
616
552
16594
17673
7764
14054
4328
6599
5688
11446
11556
4406
7389
15200
13922
9889
11348
6345
6740
6709
3171
15811
8224
13304
9543
11397
13798
2317
1536
16284
7957
3793
12111
7343
8278
13701
11289
17315
12451
16117
12293
1843
14437
8870
11015
327
2167
14167
4935
5857
5571
10776
234
4993
2286
6942
3991
5722
8193
4090
10689
6579
15149
3341
15952
7509
928
8230
9928
11324
10107
6780
11571
2164
15478
8607
7630
10456
5804
10221
7994
11061
16758
17637
15565
6385
6116
2217
8542
11843
4965
10185
3349
9516
6945
13853
12372
9565
15973
7068
11919
12091
9206
9301
17881
11575
3470
17267
16836
13828
8060
16946
7869
6568
11829
13351
6718
5155
2720
7938
15016
4083
17790
5985
5392
1662
15359
15853
16867
314
5569
14749
11
11976
12202
8245
10906
1980
17951
6888
2005
12302
7991
11192
14231
10945
12105
5671
611
2554
2555
4225
16428
15831
11557
3835
2207
15244
136
13508
1968
6022
6087
13138
13460
2937
10639
1153
8009
9992
17017
16303
15552
16357
14235
9072
7498
10407
4492
2251
2751
14785
6597
15711
10402
12168
14918
14211
4222
17121
3321
7643
8695
14619
826
9600
942
14952
3204
3777
11516
16278
17237
10152
15691
8733
12769
12529
2610
7873
11040
14551
6455
8433
9049
1194
8753
6211
3560
13816
7006
4871
13399
13071
4055
15954
16432
15902
3952
16414
13302
10052
17449
2314
11220
392
1483
16241
10969
6262
11404
16416
13404
13102
11361
15499
4941
12375
7359
3910
4573
1226
10580
