4737
4425
4755
4680
4587
4492
4311
4598
4498
373
4684
4521
2753
7964
6677
245
8397
6265
9103
4707
9400
9021
9232
7397
7377
9038
4337
2040
4105
5453
3748
4889
4749
138
6299
2074
4628
691
3273
6323
770
8932
3238
3231
5504
2307
1425
9507
4632
4643
2967
2844
1417
6398
2100
589
9550
4800
7615
2834
5348
812
5213
5418
6891
1901
4549
6385
1113
9360
3876
4775
9564
4168
6764
9275
8090
8171
3632
3669
513
3819
7079
4612
880
7510
5469
4482
7746
3703
172
1794
6581
1438
1658
4918
3905
2873
8005
9258
7280
2214
4063
3541
6783
9593
2930
2280
40
268
2909
7233
3156
3078
9244
7294
4382
5696
3987
9089
8650
8415
2810
1926
6273
6281
5807
4830
5665
6550
9629
3649
1320
556
8387
4668
8569
957
6903
5980
5893
349
2689
4511
6118
4715
7468
3013
6468
8632
642
76
5956
820
4039
8489
2824
9648
3869
7654
816
984
387
7114
505
7092
305
5522
1711
7475
5170
3894
3712
7161
8220
7757
3397
4539
9372
8356
6051
4506
1078
841
6718
7060
8809
2704
717
10
8820
6407
6658
3795
5994
3203
7895
3498
9348
8959
3693
2799
6883
4122
8070
5608
8429
462
1087
6128
3190
3610
6616
6728
6847
3572
2790
6139
9415
3102
8557
4284
751
9074
5914
8621
923
9289
1244
6608
8772
972
8364
8064
8545
4023
6042
6236
4240
3060
9660
9180
7268
8264
2227
399
1868
1296
5680
7723
5427
6177
8971
6090
3765
1066
3836
7454
4636
1561
3146
2135
6100
4205
8254
1885
4325
7793
8044
4418
1842
7681
6571
8590
5654
4728
2168
8237
7695
2853
5339
1495
4195
8196
1339
9124
186
2247
633
6461
2150
7669
789
9219
4180
3527
3978
1123
1159
5709
7741
9683
421
9051
4402
6084
9475
112
3329
8054
5814
9194
3467
4901
5901
8188
1590
7522
5548
8950
907
7490
5877
6498
8582
7905
4912
5572
8921
3677
5617
7830
538
600
1383
3356
622
1893
4871
2921
9141
2760
7372
8158
2259
6515
228
7417
3179
2189
6445
8138
565
9494
445
2111
7634
4442
1020
4553
6478
7534
3048
3407
7924
672
6192
7128
895
4219
4862
1279
1328
2774
2006
3427
9518
1401
5489
1220
779
8080
5938
340
7261
6558
3939
4157
215
4822
7555
6797
1549
7086
7431
19
5230
3023
6058
1026
7407
3300
7715
6959
5777
1599
2727
7167
2864
1958
5795
8908
1617
2049
6527
9302
6854
4353
319
5193
6536
3479
7053
2900
859
69
8979
4097
4692
1674
1822
3086
5380
3386
5734
7209
7178
436
8734
3374
3114
8228
3582
2267
8101
6773
830
6438
5304
1361
2977
8939
8501
129
7154
207
6829
2330
7730
3855
3921
1100
7188
7336
3417
6870
8712
7200
5222
3510
8146
8206
7243
9317
6972
9432
7439
484
2205
5764
3656
9169
8276
1694
6935
4544
5314
1372
30
1573
2734
1006
9577
9535
2180
2681
1271
2196
8898
2125
7324
6687
734
1141
3550
236
2946
1508
158
4524
92
7216
4812
7997
2954
8838
1751
4079
1184
7840
8536
5328
6242
2665
2712
2288
2397
3804
1776
7304
5252
1702
475
3280
6361
7605
1644
8662
4047
4846
7876
330
3261
7794
3453
8405
9384
3134
1258
7544
1203
3348
13720
6863
1727
4009
2320
6708
5291
5828
2696
6020
5365
1231
697
7071
104
9452
9607
6971
2089
8452
5440
9208
707
7571
5242
5852
1802
5277
2892
8213
6924
3446
7868
8248
7002
3731
6423
6563
9149
4652
577
6640
256
1455
6414
7941
7314
8328
1041
199
3560
5583
6649
996
2030
5148
5265
6753
7592
290
3624
2878
6931
4141
10470
8897
1350
7810
6543
9009
1538
3958
6253
1979
1858
5157
1628
6821
4515
8327
6810
4573
6290
2238
12971
5140
1684
5392
358
7811
11641
9158
643
17158
5642
3722
2407
2422
13648
16811
18094
18010
17780
4255
14597
9066
5404
10908
18096
13412
13938
17348
14666
17193
13253
14442
13096
4606
8365
16761
15688
1485
18015
14346
2413
14545
13275
7491
3783
1160
15887
8991
17837
11294
14184
2589
14569
15407
15529
13640
13656
13387
18092
15815
14777
55
5560
10416
4123
14969
14781
15630
13157
8674
16109
5925
15173
14623
14299
5591
9078
14162
17427
16616
13650
6742
10057
11779
15355
17114
6193
14793
13160
17845
2505
12869
16105
13258
16561
13244
12495
16133
2536
16888
13676
14962
14092
7254
15740
17834
18036
15884
12167
13737
16465
4920
14542
12611
3330
13256
13375
9075
14514
14635
15510
13381
14160
16467
16760
16454
9104
14965
14436
14120
12961
13015
6528
18017
2606
15832
12257
15936
13741
13188
16579
10065
13247
16573
13645
13410
15736
14179
16306
16199
14653
14668
15738
18091
17769
12518
13770
16210
13935
16102
9971
14481
14600
12563
2580
16445
17772
2007
15214
15626
15364
14012
17103
16867
14800
14158
13732
14625
14220
16023
16570
14566
2429
15691
14438
13663
11678
17268
15837
14484
14681
17841
13149
11179
16597
15744
15224
12539
14194
17537
12491
9119
14192
16460
4456
15933
13377
16310
9110
17016
14548
14697
11800
12615
15525
12883
17551
16669
14677
12384
17777
4996
16308
16630
16758
12409
9114
17788
790
13186
4397
14076
12492
16453
817
13335
5829
7593
12489
4973
17502
4958
4499
4024
16020
18097
15927
15783
13733
14487
13191
17540
15694
13093
15470
12513
13727
14468
14014
16200
16111
18089
6609
15940
15393
7511
18033
4403
17303
14372
2440
16312
17309
17833
15210
16984
5894
13414
14439
12714
15213
16639
13169
14955
13445
15633
12536
13739
15196
16436
13780
17786
13653
15712
12361
16564
17962
16978
566
4080
16323
17443
7501
12516
14516
12320
14790
5488
17306
13385
4275
14651
2576
17435
16623
7398
15692
12956
6688
8367
14953
15696
17838
16878
15391
14043
13017
13251
14295
14966
13782
10109
13261
13532
14366
16627
15929
4629
15995
16885
15298
12520
14446
12116
12485
17439
13433
4952
12515
18100
13660
14304
12009
17562
14794
13772
16625
9789
6641
17126
16621
16107
12958
11491
1728
10115
16196
14778
12008
13778
17801
15516
3784
10570
17842
15889
4220
13162
14444
12914
14669
14302
5084
13630
15242
4838
3575
14639
14785
17024
6202
8081
11449
14782
5324
16628
7572
16303
14796
16205
13736
13543
14009
1027
17604
17109
6137
1731
17764
6516
12277
11181
12618
4274
13101
13189
3988
15862
14952
13163
13610
14385
13166
12616
14293
16568
9010
17856
16463
13777
9106
1902
3284
15074
15395
18095
15377
13652
14873
2791
15223
15405
2485
16369
16209
15398
17013
400
16420
6448
14511
16896
15279
14584
1980
16898
5104
15520
12976
12906
4440
17937
17774
5049
527
14333
12328
13378
16574
17554
15221
3877
11648
14355
18032
14895
16893
8214
17549
14428
2400
4280
14612
13534
15304
10219
18093
13773
13309
12624
2333
16317
14395
16631
14222
8992
12793
13234
17835
14638
5259
13019
17106
18098
9433
3678
17547
10092
14483
4481
14823
12608
13554
17207
16451
5981
2464
4831
16576
17829
15218
2268
17560
16217
16634
9684
14297
13729
5926
12483
2338
7378
13730
16489
16206
16924
17276
2372
8742
11856
15401
16263
6572
18102
14904
4588
5066
2639
12625
15669
8265
16581
7241
5428
15997
3880
6650
735
17352
11855
16980
13657
13898
17939
1053
7493
10244
12799
2450
673
12729
8388
14236
17441
16637
10016
16820
16734
4583
13278
9085
12963
908
8270
4954
14036
17782
16900
3312
16840
12772
6089
17545
16118
2591
2572
12807
16178
14968
2354
8593
4659
6142
14411
9090
10218
16905
16121
341
16775
17941
14364
12816
7097
18040
4548
2549
10804
2690
1752
11948
15216
943
14949
2910
3061
13449
2385
4269
12353
16665
15734
16693
2664
1539
17543
15409
6237
2588
8292
10928
16902
842
7210
15005
6936
5074
16026
5584
8172
16607
2378
2387
2359
16202
17191
13321
15301
17466
16586
9508
16399
7095
3126
6021
17197
1905
16314
1519
4650
804
5231
17744
3511
8152
6678
17266
12620
16115
14959
15636
1426
3766
4625
14831
4169
13447
10555
12824
6111
16643
18031
7682
7518
14119
10989
12276
5746
4338
3241
4300
16780
6197
17271
958
41
8810
5266
4383
15513
10006
11367
12455
5031
1259
9915
11620
4972
5108
5435
17153
4932
9834
7042
10502
7507
7162
3866
625
5878
6786
7831
9912
8843
15641
685
10515
2504
6043
8190
13249
14368
6061
11562
8331
11001
14563
3551
7921
7797
446
15371
11949
9588
10262
17078
14810
3002
13841
531
5663
11346
5890
4968
4738
5774
15639
6747
15313
8891
8552
1717
9416
14601
6784
11739
3906
14586
8123
15679
4270
12731
17830
15998
13790
1959
6610
14018
269
16320
15309
17676
15267
8147
16233
3861
6504
10888
16437
16213
15984
15921
3599
237
12487
4987
18057
9259
7913
6544
13941
17831
4863
1919
12157
7281
4483
7340
16390
2643
4919
15915
17359
6864
4302
12281
4273
5505
10087
12940
17118
9137
15397
795
8587
5288
11121
3741
4241
17623
15345
6321
3856
14921
4640
17270
9913
2570
8980
7696
3670
668
6816
5825
14058
13050
7965
10337
8818
8219
17437
7408
15932
12396
3723
11345
14789
15120
11080
2583
17406
14705
13785
8713
8372
7048
14190
9802
8790
2088
17555
15601
2272
12180
9320
17541
12371
12716
10238
8132
14027
15959
16890
1710
14307
2225
17593
15446
11245
8006
11958
3688
10945
7558
5689
2947
3573
3310
14786
9236
17373
5185
6158
6960
16037
4318
14814
17082
4999
10034
16720
7814
8406
9921
4631
14491
11809
297
1641
8398
11351
4310
16472
14775
12911
4942
16904
10029
368
2587
7812
5315
13036
2212
3309
1390
5886
11304
6975
17112
6446
15556
10485
2960
4633
1496
8777
6998
16566
13688
8675
15382
3805
1439
15721
7418
11447
14963
17993
14843
5867
17570
15519
8995
9626
1666
16468
322
3119
6871
4708
6229
17350
17251
11221
7702
16527
13467
2176
1894
3820
14832
2355
15056
11923
8817
10325
10074
1486
15872
15790
14987
14956
16097
12854
14866
4091
596
3401
9362
7269
15788
3851
2190
2335
1454
7742
12715
70
11472
16494
4813
6925
3299
10305
13752
5819
7270
15065
8091
4282
16232
3940
427
9991
4089
1055
5735
8280
9195
965
13507
7360
524
14441
981
11376
878
8711
3173
4356
14756
10081
15481
16749
3542
5681
7025
13601
15402
1965
8584
684
16912
17711
13940
8558
14634
12466
9385
6957
17893
8773
3689
11742
11862
7202
4326
2362
9099
16079
6798
16633
15966
7527
15424
13284
6212
780
10375
9932
16113
9596
10815
4251
10186
3087
8867
3787
12721
4283
7476
10477
4281
9612
17105
7430
3229
848
12846
14973
10924
3694
10509
1643
4545
12661
2531
4851
6358
4512
5214
5963
4278
3403
8443
7442
15162
17453
485
3824
7841
3098
437
601
4098
12329
2725
15741
477
3657
1950
7554
11290
10413
149
4395
1707
17241
5778
7440
4716
16779
1319
5141
10643
16187
3082
14763
13380
190
9578
9206
17479
3408
2339
11767
3418
514
1021
4768
5812
2430
6048
1272
5883
2206
8131
15539
1560
8967
3091
14806
674
14797
15142
16480
6956
5895
2401
14840
13568
3929
15739
4026
6765
5393
10810
2141
10600
14289
14301
4312
3826
2366
13551
13745
3211
7032
8655
3402
5865
992
11602
16601
811
4516
16165
7546
16983
14614
646
8104
17847
12038
9138
9101
2679
11738
4291
5243
8526
12629
14988
9125
6805
12693
12977
17446
2569
680
6474
13579
14883
7234
3579
13865
10558
2347
2761
3135
10682
14767
4048
3625
17117
5321
1039
14817
4985
16590
6317
17273
835
17020
13712
6523
2412
15789
2968
3069
2647
14824
16756
2361
13083
17571
14836
6053
9797
6424
1429
12761
3313
7573
7263
2086
2326
14975
3817
5292
7326
11709
17308
11480
4272
54
3180
11448
14974
3865
2672
8261
14808
7891
12651
18027
1045
1591
6151
7625
14816
1280
3125
10746
15903
5710
5179
9068
689
2075
5541
4233
6396
14827
2352
298
5475
14828
10429
6135
14851
881
6886
6984
12538
262
8249
16157
2256
15413
7616
8139
9583
4823
1023
2963
14826
5194
17252
4927
12907
9122
316
14587
12108
6429
8972
17210
13620
3014
5626
4158
3204
16664
16542
8381
7864
10333
14986
7316
1520
6722
4559
187
2073
359
6334
130
16763
2239
3990
8490
10486
5558
2955
17643
2586
8656
17557
2481
2367
9484
17606
9334
612
294
12610
16154
4398
1786
7015
3878
2466
438
14818
1771
8687
8735
5476
4082
7006
7622
6907
11927
3305
17009
14250
6349
15484
173
3896
4239
2526
10948
12877
12647
16074
7379
1944
4956
11758
17262
8678
3354
2535
456
14723
15337
3419
7670
1990
2349
4271
10572
5939
8329
16851
971
10993
7790
10535
3319
8960
13875
4497
623
8278
9805
16247
17035
6057
16025
4472
16359
8208
2090
5978
3153
17008
3020
12103
14983
3604
6232
121
8230
2523
950
3902
5951
12127
12905
12285
2457
12719
6768
3206
3672
7553
6001
2964
17832
13774
17850
4913
8900
13068
6215
2363
15527
7262
15725
9303
11058
14972
14489
530
15584
619
17055
15340
2990
6940
6884
2200
6195
7423
1246
14989
3324
8749
2324
1313
4010
17647
2063
8685
16887
13193
489
13860
11422
644
970
14858
17719
10975
3191
1287
6067
8546
12910
13360
4319
4995
14958
16649
10504
7778
1456
7776
9134
5283
5633
5211
6308
15612
6511
1509
12999
3302
7497
4681
17181
3822
5517
8108
13816
1875
7909
8178
6324
17010
4175
6865
757
4288
6848
4558
16662
7265
2308
1795
5470
3444
260
14935
16112
7437
8072
8069
5322
9699
15646
14740
5623
2857
4682
8764
6101
8973
11881
5158
4826
14844
7179
14825
2416
6037
9095
6946
15564
4322
9630
17708
6538
543
8436
8342
15062
9786
2888
6713
14128
6939
5952
8583
12141
16926
17096
14722
3113
2423
4750
14842
3208
2474
15524
6851
3823
2492
8055
2348
12665
7155
6409
16550
11954
14815
6648
2226
5909
676
1005
6310
17768
14134
5052
13702
8336
17124
14833
14976
11324
14867
3349
1092
14803
2475
17702
557
14868
4770
15547
17493
14829
7388
13947
824
17583
1940
5359
3717
17699
1715
15756
1136
11950
1951
12740
4493
7047
1830
9661
12965
2666
14849
5697
7628
14319
2773
14094
12676
2893
10389
15668
5751
3704
13932
219
16163
1273
8167
5118
5836
15817
12872
4436
2605
16189
13997
8872
6196
1256
6529
17935
6882
9261
5072
5701
16332
3857
16545
1060
14854
11196
9900
11980
5134
5528
2353
5278
10806
6052
14486
442
11688
3026
6130
8186
8065
13658
4818
2682
13422
18029
6774
3065
5569
8528
15159
7894
11451
1274
9039
6408
2992
2980
14859
7477
2328
944
6868
12232
11606
1935
14993
1080
14512
4306
9062
582
8420
7190
1832
1777
14809
12124
11669
16674
14393
14812
14991
12061
3636
7288
1946
8266
3681
11708
14835
6651
7631
16703
7602
5270
9459
14860
4125
10431
16950
13958
14985
15368
2965
7942
4550
3775
11659
6545
2414
6909
5351
7993
6161
595
10770
16455
6932
1840
3535
1712
831
4321
8851
5352
16853
5034
47
17925
7858
3100
17616
2945
14010
6143
6564
17179
7282
6033
17213
2571
10168
7433
3096
741
15467
8148
17250
14698
6607
9107
9714
4729
2899
56
7716
12423
13929
2246
2860
1037
12034
11945
7960
9471
14951
10552
4279
7512
2956
2959
2277
14852
3104
1457
843
924
10725
9561
3441
1593
4804
8575
1306
4731
1629
3279
7952
14451
853
3121
14845
2262
14846
2669
1444
14811
13254
9421
2340
3581
4054
14857
9052
12033
15758
609
17129
17150
357
15849
11670
9053
10856
1007
6502
5274
9326
4720
1844
3207
257
1796
5523
8895
11256
1362
16523
1004
89
7772
17910
2453
11979
8066
317
2691
10313
6559
5588
12331
15204
11392
4685
11977
3037
1843
13659
325
656
14821
5874
9846
14260
2290
5864
3109
3893
15974
14864
6811
2926
7665
4531
1243
3106
3749
14910
7469
12921
11998
12916
13990
16911
14995
3564
6743
426
1314
3947
8360
11305
2663
8577
14907
8952
16405
16182
4020
12569
9228
2697
4181
14490
1251
706
2023
2282
7065
5613
2490
16882
7769
3864
12960
3079
343
13340
9441
4152
5033
16914
16377
1763
16519
17765
11585
2327
11603
12193
5130
2595
3138
3212
10361
3350
13008
5309
1732
9291
14841
13948
7762
16458
14384
11605
8879
3827
5995
6366
5719
8236
15568
7569
14626
5338
758
2398
718
7180
2652
8136
4557
14783
8822
9652
12027
16426
7112
3332
14137
5145
3813
1046
9582
8724
5844
8095
6831
9434
3137
1240
7484
1152
6611
3353
2004
905
4983
17045
3585
9995
3501
2870
10653
13721
7415
8997
2101
9528
5618
4347
10522
9390
11190
5290
9094
3521
9674
3447
10530
1505
10896
13269
2036
6969
14414
6444
7694
17164
5986
7103
14979
15809
14807
9595
9668
16260
4740
1239
1335
15805
10483
8634
1671
13949
17363
5325
1632
9806
5567
16910
9254
8256
2281
14622
11997
9196
12951
4503
9543
17946
5676
15477
14834
4609
7986
12298
1214
12023
4365
5765
1095
15326
16212
16149
13576
14596
1340
6340
2057
3586
2846
6439
2157
4998
4381
9996
7577
1839
5702
14865
8776
3451
7760
7576
7950
7935
2123
4848
1955
8116
3256
9546
8338
2408
5015
5301
15323
5389
1524
8885
4772
10443
4345
13655
1411
13076
11340
1405
7720
17041
17341
10019
11946
6812
9032
10460
17816
5454
5945
8150
1934
14452
9116
3084
6754
885
1734
8133
4250
15695
2094
14850
8269
1245
3659
14992
7137
11235
10891
11960
200
9883
7289
5501
724
3568
7795
6680
1827
4742
16812
6231
12204
4021
5898
12280
9001
578
9225
17357
16709
7020
6129
17849
973
14941
7850
1726
11989
15281
4486
2311
931
5535
13540
3524
5512
17417
14922
7456
4570
1723
12144
11685
4373
3747
6872
13899
17145
542
10678
4305
6194
16965
2792
12164
7245
16122
4644
1664
13587
11686
6416
4764
16930
93
9853
5708
13040
3071
1384
7240
6443
5902
2615
14982
7256
4953
4457
6781
2441
5557
3382
8134
847
5405
5239
2912
6297
8833
12900
10783
8878
6556
11191
8135
17358
6655
1864
6994
9235
6889
8102
5275
3077
7470
2527
11983
5485
3080
763
7302
8417
6122
3845
4148
7386
5319
14947
9442
1624
2042
8157
1929
1491
3973
14336
9331
10296
5545
3576
7910
239
1487
1703
8840
14696
1063
6567
7135
3074
5403
6730
5420
12969
2248
884
10631
12314
5550
9778
6076
9223
4507
11154
3030
15211
9072
12989
1600
13575
9342
9005
5237
17132
8103
1501
2166
11496
1956
14848
10641
17232
1497
2310
4574
9520
7215
11588
13542
2627
3389
3977
3040
10553
8899
3644
6941
13116
139
4303
1185
1653
3840
1878
2854
14838
15389
13783
8503
11936
5679
593
6744
17171
9465
12077
2855
1415
16225
12789
15250
8684
12868
15563
501
10356
5103
11539
17940
9916
17902
6660
1499
10011
1833
7008
15787
539
16577
13490
2998
3605
7877
1030
4955
9552
15137
12808
337
11702
3148
4380
17861
7813
11837
3952
7419
14690
15445
7391
3181
1836
2087
6596
5781
6553
737
3713
5161
3534
5809
626
4551
15585
16678
6617
8160
16966
11281
6961
7218
7531
1983
7306
4276
4762
4065
11835
14994
16571
2381
1371
5984
8641
14837
15016
14492
17752
989
5661
5384
7786
15635
15459
12237
4540
441
2084
14687
17381
10837
2022
4562
10755
48
8325
14996
10455
9159
153
6108
1783
7737
11975
14283
7488
14819
6599
8470
9549
7535
1859
17340
324
14981
17691
16794
17056
1797
2511
1062
1685
15
6990
9659
12398
13992
8240
4781
2163
12930
854
15604
3997
6244
16522
9136
990
11746
4576
11714
6799
4525
10760
4301
6717
17876
4814
6552
4579
2874
4261
10591
3721
11988
17061
6221
13260
12351
14780
11943
15000
5520
18099
3744
8496
135
1150
9279
14853
1321
8129
13521
7630
10144
9336
7273
17122
9960
3828
12159
2171
3728
3465
1791
7427
1887
13114
14193
860
5379
1589
17433
12861
14820
4577
8371
6460
743
6264
2902
10004
13615
6054
4843
2895
4840
10865
2319
11787
2706
15139
1169
690
14147
9454
8126
6030
1760
5293
5561
14733
4704
8676
3466
8588
5724
11962
16271
7211
11802
11431
8076
15950
1124
634
3398
1385
13418
7560
15770
2425
16479
15632
3167
1215
7244
3381
4796
2755
3205
17701
1122
7789
17288
7464
1042
2197
11497
6055
17275
15504
8554
1696
17399
4265
10379
13165
14861
5122
12091
4296
8430
1745
17638
2286
12857
933
6360
5711
299
978
8940
14312
4883
15464
16941
16128
6480
1967
8380
6214
9418
6120
8140
7168
1761
568
7320
7227
137
7808
4124
10795
1688
12175
2726
8844
10773
8366
928
14219
3234
6981
15027
6823
2488
6775
4057
14676
16413
14431
7170
8929
5930
8747
13886
6189
1127
9361
5571
15255
6807
3394
2936
8060
639
16373
2617
348
3428
6376
8376
16992
12917
4580
1017
3140
13735
11553
1774
677
9556
5417
10756
5758
5433
17882
9646
13881
13039
12170
15151
11801
1101
15628
4357
26
5745
5085
7062
7487
5796
17770
5753
11886
1376
16318
3895
1114
10849
3570
5216
6557
15857
3875
7617
2736
9193
7489
1250
16964
395
9105
4560
17079
6419
5610
16797
7383
5682
9410
16502
9439
11408
791
18038
3364
350
15095
5030
11358
8512
14589
13873
3057
629
9056
11361
8407
16388
17403
3601
6318
3496
12594
10747
16933
11331
12790
13109
16057
7996
4938
3692
6325
2943
3338
7805
6555
1569
5840
13000
6923
1550
17579
10490
8309
9386
15810
4352
8345
10137
4646
2193
3150
7421
13813
8856
9811
8642
14978
15129
13514
11912
1446
12356
7117
321
2437
8427
7041
5479
344
7951
10127
8491
569
13106
1775
14650
4654
18084
10705
1381
4578
8821
5892
13159
5806
12252
665
10667
7446
4857
16350
3641
8591
17973
12066
16313
15230
4658
11915
6602
7984
5478
5093
8221
5455
9967
5171
7612
13058
2817
15182
14980
11774
3049
6549
7460
1221
11285
9430
4739
3265
1986
12310
3519
15667
2296
7556
4150
9665
9393
7399
1718
6283
5111
6044
13027
9079
3210
17903
8917
15541
8864
16076
805
1204
15528
7285
2442
6642
8887
13963
10557
5176
7056
1131
12766
9655
8267
3926
12050
16512
51
2823
7639
1895
4396
7054
5496
5065
14611
14458
6247
13971
10320
3360
12174
4776
11671
2317
1947
11690
7918
9140
17792
7201
1213
8082
6779
9763
9120
1779
16207
159
3912
2714
12085
1985
14683
2698
11038
17785
9713
8173
12150
3007
10466
8389
6267
2683
6426
3705
5853
5327
11999
1607
1562
764
7568
579
7870
12902
15465
2250
13573
17278
17206
5921
11483
9610
3411
10287
12875
2811
2795
3627
3063
1585
563
14893
8358
4426
2198
4751
7027
2866
9747
15406
11395
13852
14456
5704
10842
397
8317
6675
1793
8785
3974
645
16007
653
5323
8993
15233
2386
6176
2741
9115
3679
1695
7934
2465
270
1348
1507
6035
12759
9205
8686
4378
14583
16246
7881
14665
4543
8215
7436
13041
2031
6184
8595
8774
6144
687
602
4400
14084
17223
14
519
682
2867
9272
8633
5129
12190
16378
552
8525
16001
296
8232
3854
15187
6493
9859
3307
5445
9412
1953
13475
15430
5530
10028
9004
8770
1048
796
2015
6937
1044
1692
10332
8422
3124
9401
998
117
9623
3852
1701
17736
4248
8169
15376
6667
1769
17413
5547
726
17857
8341
6077
7655
16524
10607
7995
2358
12815
14998
9453
1286
11485
17522
11624
13491
17790
8159
7710
8704
8941
1823
6973
13911
3232
7869
8092
12382
3888
17873
2406
9666
13829
8969
5197
5224
1618
10963
16443
6785
10487
5614
12663
7799
8725
4081
7024
5513
2958
7818
2076
2266
331
7133
18051
11146
5816
15166
12238
6695
2046
11471
2650
7070
5408
306
443
5449
9172
6679
16696
11036
15251
8056
14565
6291
8235
17598
5438
13789
1413
6363
3881
11995
5183
326
3684
7704
15514
9413
1815
3976
2865
9318
16321
17926
3174
3792
925
5797
5150
1884
6837
1329
5067
3379
7896
1510
320
6462
16672
14710
772
13771
6252
16800
5491
15291
8463
3562
9829
6720
10002
17828
1140
4683
2982
10840
3596
334
8802
9495
16002
15157
6447
17853
17890
2796
9569
806
8294
8714
162
5281
7225
4142
14519
3508
7061
8677
2039
10481
14277
17530
5720
10554
8934
4196
6456
7374
7199
8399
6384
7748
7217
7221
17189
2018
6386
7765
1171
4110
3223
4599
6962
7011
3436
13382
16537
3282
312
8177
7624
7926
2219
5543
8551
3323
7585
16006
10051
14251
9329
5983
15004
16813
16769
10739
13441
11932
7725
9716
10271
3556
12457
14804
13242
10860
4554
11278
9542
2480
10900
5329
9222
16970
756
4581
11897
1285
7197
9513
11710
6639
8682
3499
3773
216
8906
8216
897
2336
4340
6166
5918
11614
8298
17254
3328
1356
11971
11942
8246
5450
2309
7461
14354
16368
6496
4182
16471
16981
6762
9692
17905
12179
8664
355
9023
9536
8524
7444
16856
4025
9199
9083
558
9622
736
8302
6086
889
2216
12806
4541
5968
7587
9613
5192
9532
7429
5238
1088
2455
10324
8234
8690
6064
16134
14971
338
5256
9160
4727
4051
2942
9783
5896
12534
9150
6930
979
11991
7292
15455
4769
2222
365
14088
16892
8847
1492
5177
4765
13316
8883
6266
15705
9455
1730
3639
14912
5813
654
15607
11916
4526
2011
1120
4801
11772
6141
14447
16968
959
8382
9871
5841
5163
13088
13801
11730
3176
12909
9059
3004
7744
1153
7134
9343
6533
6856
14390
5341
2680
6313
9580
7305
11
7740
9839
230
3537
4096
8948
9076
3163
2640
11521
8141
5271
8602
14574
142
14306
8238
2211
9424
4655
7252
7389
17184
4864
5991
1619
16673
7363
17859
11384
201
17196
4001
2705
664
3365
178
1068
16181
5367
16180
5457
6275
1945
6295
3850
15573
15540
16003
5526
2875
12675
1242
2203
16090
4886
12659
15838
2562
9741
6255
6034
1331
15754
2896
3594
13427
6369
7274
4049
11590
14830
10102
8165
13589
2762
10959
9675
10251
16005
13614
4410
16139
6518
8229
3111
11510
14096
13675
8393
14540
14370
6656
15023
2692
1514
9450
3363
9229
7597
1912
9825
6897
6551
16183
2058
3559
17322
8124
2935
11464
4760
5020
2080
5013
4686
1574
9126
7966
16016
13176
7338
17988
2152
6517
3244
2424
10921
7347
11753
8207
10663
8507
11974
614
13961
3404
7295
7207
10045
3612
13848
13781
7236
20
16774
10263
921
7525
2978
5879
8692
4099
4040
12570
17398
7667
1541
3052
6094
16513
504
5524
8357
1834
13362
5509
5471
4237
2215
9462
1278
10124
10130
16159
3341
6974
9414
7309
16951
2028
2495
1645
13839
17721
15383
5088
3092
8311
164
6803
6427
14802
6729
4661
2059
17980
7733
11140
1870
969
4287
7387
3005
9693
2758
8811
10492
15119
1216
2593
8559
14863
719
16580
10548
3343
9704
1824
2678
2439
8442
11981
6379
8156
3357
4399
12289
8314
9081
6834
16653
6183
15035
3388
3714
7457
2487
9964
11961
17952
14544
8291
7586
9082
8922
3399
5442
14227
8842
2739
2710
16013
10673
3123
2110
2287
6173
3680
6227
12087
7492
17751
6339
5406
1293
9530
12194
6885
3455
8390
4032
13265
332
8623
8741
3495
2243
2941
7878
7130
1125
7004
10344
17767
4546
11415
2651
4602
16004
7505
5563
16743
753
4702
2489
5391
5169
1548
1743
12640
7854
9768
17889
3584
1260
2035
6912
2894
13577
5635
9181
7732
586
14262
9374
15222
12602
6463
4881
9246
16009
3189
8498
683
9055
1746
17259
8107
3738
351
106
1592
6049
5110
8839
3552
4076
7267
13662
914
7787
8792
6501
9404
598
6537
160
8823
1597
3470
1804
292
8699
11957
1330
3355
738
5830
9304
1737
5725
8693
15952
17944
8471
7943
3695
9565
16304
6967
4129
131
15776
7802
2659
3651
2845
4350
17429
1443
2721
666
1205
14999
2621
6828
4872
6584
5162
10571
15319
5279
9176
4359
1880
16012
11466
14053
4028
2322
1349
6174
2050
7523
8981
4747
4520
2284
16337
7296
8088
17085
15495
4877
1342
17313
13350
12121
7683
17566
13563
3218
5159
284
9190
2862
2273
3847
4207
1683
5570
4344
4419
8748
3750
12994
861
2303
17881
15885
11990
8800
7323
1614
11850
4459
7085
11794
11025
7516
2117
18037
4011
4198
12804
4989
4858
6185
6618
4931
11632
3536
9350
14770
3469
9284
16017
4120
57
13092
10655
17622
4964
2677
6866
1869
11055
6548
6893
1352
15863
5640
3529
6574
16891
2948
16508
14089
1115
9402
591
17026
8605
7373
1143
2625
10376
3022
13179
5707
6109
11629
8260
14101
14703
9293
12438
3650
4170
3966
521
9618
10191
2554
1503
11352
11389
12024
6904
10937
4256
1713
5378
3767
17070
10944
6709
13791
1353
12751
3561
8330
4324
16014
10730
12156
12442
10012
3159
546
3613
17133
5232
9212
2010
389
5253
8045
3761
7962
1065
9737
6815
7636
5330
16562
15836
8616
4468
1177
3158
9695
3481
4221
13956
4979
7842
6500
5862
9040
8369
9419
4304
265
14477
16959
1437
15307
6964
15141
12980
5875
8841
5668
11488
6207
2743
2223
8592
7359
2776
17966
15731
6371
1704
18005
9207
3602
13987
7706
4314
12031
6400
17477
3438
1309
3994
4138
7899
7999
13685
17186
11784
7671
1494
10687
2119
3440
5659
2350
10231
8323
10394
5589
3480
7701
16559
8812
9273
3358
12341
16785
2746
16595
1341
8927
6025
3923
16374
9735
5671
17240
4108
12125
15873
5756
3136
11635
6140
3517
2798
17127
5736
4106
6179
10994
2599
15149
13776
16258
1466
11426
2473
7157
5062
17167
3147
7890
8529
17677
14673
10635
9879
3543
11127
2170
7557
5254
6435
11009
7434
8033
2836
7773
9649
16172
9355
14197
6167
17561
460
1871
9631
7828
17246
323
12888
7820
5303
17351
7985
14961
8726
447
7081
8610
10794
3640
4637
4519
9558
11919
9615
6182
5046
4135
6102
16803
6085
4473
3662
16283
692
2009
6752
7045
7971
16768
422
9349
11475
8961
2113
10101
8431
11642
11760
5200
12494
1212
13569
9197
4115
3806
12068
2825
4366
4537
14377
12166
8046
6047
5487
1367
17387
909
13570
18039
2684
16173
8222
2800
8765
6305
13981
10314
5927
8194
3275
11728
4870
2148
7164
5350
328
16197
1003
15753
6301
4478
5669
431
13763
14731
3634
6238
17142
1391
6535
10979
3626
214
11292
11793
8223
3178
12117
10448
8438
167
10822
8707
15943
11773
9486
16555
7551
8482
13921
15830
2841
9609
4689
1338
2642
4476
2124
6375
11821
11996
3088
6331
11248
5555
5936
13850
17635
10007
6225
8875
14680
4370
1235
906
7235
12636
9311
12974
12101
10357
3526
1850
2364
2365
4779
7390
5421
1517
136
5172
2582
8475
3860
8744
5940
7648
8448
3039
3372
10954
4107
3015
15800
14100
3500
17725
9551
5142
12585
8473
5946
1782
17007
7946
12048
4865
17908
13684
10608
8210
14124
11649
657
16990
6721
17945
17452
21
5415
1253
2003
42
1377
1856
1679
300
6436
8538
7815
6772
3732
17663
7697
7301
16324
2688
15143
8837
7796
8351
12047
10501
9477
14300
6796
3782
9234
8007
1888
11928
12814
3376
9598
4471
7356
10832
9429
2996
13003
4186
1464
10468
12933
6755
1028
11011
2498
4821
3595
6032
9260
2969
4474
5175
14856
7012
8937
15332
750
9170
8310
7463
9822
5069
8026
11138
3260
1351
13319
2667
37
2934
6568
12214
8193
8040
7156
8515
7832
14153
3739
1995
14899
2932
7113
6251
1886
2051
610
17367
4582
6466
11816
814
4710
5532
11754
6573
11569
10878
12
11831
1154
8594
9077
3941
15229
7055
13365
6719
17173
3484
7337
3740
1318
1210
9645
5996
5586
13129
263
10274
9650
12955
238
11012
5131
4289
4967
1389
14409
3351
9200
8441
6734
7482
3266
17422
3628
14379
3925
7414
1445
3296
2754
13890
515
13959
13580
3230
1370
5650
2269
10279
2008
7907
6440
1224
1651
16166
2744
8571
1733
12039
3393
11560
133
8078
7734
5629
3155
2143
12979
3635
16447
7929
10156
8319
8926
17710
1481
13649
14593
12867
15763
1960
781
12579
6434
4058
635
822
2510
9663
9417
3298
14254
7029
5627
6249
4224
2289
6629
5582
13722
18004
9151
2668
13699
14877
9727
17680
5982
11117
12630
2083
15106
6591
7547
2729
4969
7401
3336
140
3980
1686
8547
5092
8553
6751
747
5306
9045
13591
4667
3871
2207
7711
8455
2240
11349
9245
2567
12225
5484
3043
7659
13530
329
8198
1052
3583
15331
12017
9776
9247
3785
10392
3796
15757
1451
624
6315
9344
1229
4074
10903
9662
2787
3263
3195
5593
4172
792
2472
9620
4552
10346
2302
8333
3963
11681
8933
13407
12879
10971
2826
424
3421
15417
6133
2029
7049
9744
11247
2053
13392
9769
5097
3285
7698
11661
7958
2392
17877
8002
5398
8025
8889
7139
9868
16488
2828
12235
966
11644
5515
1374
8271
3105
1022
8144
6966
3347
8071
7051
5698
17572
6022
1563
12005
9509
11595
4458
7717
217
4159
14530
6292
7713
8281
10514
1237
347
209
17814
10351
8722
8395
9540
2493
12959
17346
16575
1867
8850
10843
6710
8039
1480
3897
5537
5366
7333
13196
7524
6577
1363
523
2486
7743
3331
17130
10683
486
7972
15412
5802
7823
11512
1825
11789
8068
7142
13599
11694
11756
15227
15063
10126
7396
16164
2801
6852
342
2032
882
975
11680
13023
6578
4566
11202
8731
1637
6387
6415
11994
6172
15135
6036
8502
6766
15795
9382
3321
15091
17888
7897
10624
11910
3671
11968
11736
875
13561
6817
3085
17895
227
15075
11057
15591
7545
17781
3458
5847
2939
4257
2916
15856
8477
8163
6322
9221
4505
3289
17389
15456
7093
2091
16735
3367
5534
8038
14654
5316
78
1043
2718
1989
962
8516
17261
6309
2957
4137
1054
13099
9743
5372
8023
12507
2573
1854
8658
5506
3192
2752
17542
3429
14275
7817
1190
8402
9966
14371
8010
2653
8370
3468
15306
6117
4341
5579
7163
5539
9998
16319
8654
6565
10399
3720
9584
5882
8024
2174
17043
3249
11243
5474
6432
5105
11735
17166
8027
13084
4369
174
17679
8447
3025
6425
8300
1089
917
3177
3724
9777
9011
17214
16546
11332
188
5958
2078
2584
648
7982
2127
9738
11462
198
6165
8145
7078
423
7480
15743
6750
1676
8643
9654
2750
17155
14598
5585
864
10870
12744
4064
8318
1735
16208
832
9315
16889
7194
2879
5912
9579
402
8646
17605
15637
14729
16922
2261
9469
13854
8439
12032
1419
10267
8130
12168
10524
13817
5967
8290
8521
9014
11639
5107
14095
1
11319
4885
10696
11096
16790
2880
599
5204
9749
9198
4217
11592
2923
1479
12000
6583
225
3981
6503
1587
1403
2496
570
11608
1382
15662
8984
7595
1462
6353
4621
6012
4693
8896
2911
6922
5527
9470
14363
11687
8649
1009
17445
5960
12988
3209
13053
10831
12391
1478
391
392
5164
1981
6250
4191
10241
4620
3335
3907
3960
16286
3164
5815
15014
17669
1615
1461
8910
7441
9606
12267
8143
1753
2673
9091
5414
3172
8775
2601
17137
375
363
1067
9574
3733
2341
17125
9365
540
7816
17294
1552
3512
14543
4607
1322
2394
286
1927
5793
11640
17316
6736
7872
1852
5660
2435
7169
5597
5195
1747
11443
8428
6254
6600
4242
14872
3051
9529
2233
5149
9496
2098
9599
11600
71
4522
12434
4906
14171
15262
4184
4234
6168
9537
8042
11921
4389
5244
12894
9253
1301
10257
2658
11826
12001
7791
12736
8444
2662
13425
783
7073
8022
13924
15420
3304
986
2897
8297
10664
10023
5644
1303
7588
5906
1598
2376
7779
10075
4197
14711
14425
4453
9250
2742
180
13238
3409
15791
4134
16587
16021
17885
13832
1860
7621
6269
17511
2017
5646
17345
3028
1281
68
6403
9576
5761
4226
5068
17852
2061
1178
7768
8142
2024
1601
8904
17188
1681
12937
12787
1861
1857
13473
6157
8905
17226
259
7503
13876
693
8089
11393
1724
11286
15782
1700
14138
9121
6992
11409
10347
9042
5429
1879
5360
7094
1900
659
6809
3143
7607
5766
11824
5347
7036
6898
8340
2184
3867
9423
5574
3133
8779
11812
2979
15877
15057
11477
7944
277
8028
15094
13925
17307
12162
7088
10873
9308
8250
5858
11554
1638
9515
3213
4960
16261
3933
9594
3430
1575
8736
3874
1102
127
16168
10370
6920
3774
4787
866
7322
218
14440
15968
7229
9456
5320
1948
53
6625
13858
699
5215
1855
930
16380
6380
146
12296
6794
4495
14890
15021
12451
16011
4084
5382
7208
2191
1785
8743
11905
7298
16123
1162
10618
1778
2417
1373
4786
6694
1511
3448
10621
8273
9379
16507
9505
6560
12458
8522
4260
11457
11718
5965
1191
16514
3236
11888
18018
5394
7138
2182
13767
2460
1297
11378
6136
5905
14098
17662
6211
13713
4868
3577
6674
11115
1744
7915
5908
7046
9566
5868
7649
16776
8869
9204
360
17136
2711
4371
11761
6191
2161
17897
4376
8110
15466
9312
3442
16876
13216
12612
12970
2749
1108
16432
14247
16975
5001
3821
2323
13014
9143
1458
15944
2175
5437
12540
9340
7485
3935
10003
9575
17886
1432
6413
7759
5143
4627
8019
17062
8020
6532
17846
12576
13229
2976
5619
15261
17315
1799
5267
8288
9239
4354
5656
6726
6412
15828
16227
3024
32
15654
17746
10275
4746
5106
17602
17558
6470
9506
17755
13073
6806
4565
1094
6248
6905
9425
3334
16762
6399
7893
2660
10974
585
18073
14123
7529
12197
14494
16352
9919
7317
9378
2574
507
1516
4041
17947
3050
5138
11889
9375
4567
793
3918
8728
15848
5987
13245
5446
8011
7283
7375
4709
9184
2920
16897
9796
9427
8604
101
1742
5643
10458
12447
5854
13136
16334
3936
16683
2418
14106
1551
2559
6105
2803
7536
12338
464
2713
2748
10868
13647
16604
15825
8935
3904
258
6570
6006
3699
4713
7821
12562
8923
13845
9476
5888
14008
3664
952
549
926
16015
8853
2675
9290
17347
6119
12578
8263
7299
8466
1660
9792
5850
6782
4294
17552
7678
2676
8918
11712
5872
6018
5779
15888
10990
7146
1375
1586
4126
10651
4502
548
1460
11423
8096
17165
2915
8683
6314
8233
14470
8506
2579
13917
12913
4619
2931
2097
4435
12702
12155
1930
5798
6134
15029
1249
5439
13740
9605
11583
6659
15737
5363
16400
4592
9428
15305
15248
9210
3233
1634
13100
13897
13815
5667
17791
3375
5903
2137
9087
1654
17914
6104
222
278
3691
17365
8760
13403
511
14432
11333
7253
17851
12725
6372
11070
9178
17654
15190
5519
5010
14682
4163
7959
11296
7212
1633
3315
15895
8936
13012
6422
744
6662
9305
1233
1918
10525
3868
2370
6285
2432
8462
440
12417
9277
16446
10046
9589
11446
11941
206
8283
8118
10143
7806
10250
940
3879
6933
13192
17899
502
11369
10054
16470
2356
16773
11323
14727
6362
9448
7354
12908
2908
454
6589
5832
7550
7699
2882
16988
6433
13546
11284
4817
2804
7402
6367
10955
9008
435
12812
7182
9690
17812
17163
10671
165
12734
15755
9407
5508
5721
8037
7991
2283
8758
5800
9992
2732
4143
13603
3095
16536
1540
4061
12096
7365
10910
3814
15174
12223
7332
3047
8029
9058
1247
12067
12856
9182
8301
6690
13559
5542
7594
6069
16114
12021
11791
6005
4910
1440
2298
3303
1780
17729
15122
11703
16326
17773
15640
10181
15271
7656
974
307
2522
2887
15184
6926
1941
10445
8316
6091
7718
4439
8352
9856
1498
16499
12415
9440
12549
13726
15458
6330
10283
17267
14688
2557
9189
10358
1928
17933
3225
15225
9447
483
5079
9043
2890
11172
1729
5411
12381
8465
7504
4925
11440
14237
13641
1594
3116
9782
17536
13905
5691
13906
11291
7521
1968
4617
13287
8035
8596
9368
14764
16039
5047
4404
12217
7781
9604
9603
13800
6430
11908
3062
10912
6876
16203
5674
11720
9132
2858
1186
12176
2539
15833
7673
15854
14533
7425
9923
14318
7619
8059
8349
13539
6632
17470
9307
44
15045
6950
2694
9002
94
8815
3518
9635
5843
13018
8247
1813
2444
8570
7290
4613
16852
12881
7502
7561
3103
9256
15152
17634
11315
15019
2160
15104
11582
9904
5090
2209
8031
11544
8154
3818
15990
10393
2812
8197
11182
9924
13154
5562
2839
15980
13588
16292
14573
13637
10472
1077
5353
377
17115
2929
7124
6186
7147
1828
2208
3931
1018
8021
29
6280
15384
16417
7126
7067
15844
1620
7198
17134
17504
2069
1978
10366
12957
7039
7566
14465
13759
7151
8691
9533
3658
8902
7084
8182
709
17465
3768
833
6684
13006
8032
17177
1882
12982
13178
559
14067
3574
1596
4496
3838
9013
14361
13122
16979
16219
9048
7873
11320
4783
9799
13423
13201
11208
8013
10805
608
3461
6566
9036
14294
5573
6219
4004
73
110
3829
8550
5556
3884
7467
14175
7724
4117
370
15400
16414
7220
14925
7865
12891
9346
12132
2271
11785
16770
2183
17198
4903
8034
11456
8043
15546
11184
2603
3046
14513
9544
11633
3120
6761
3848
6575
12901
551
12822
12425
12231
6598
6062
2469
15036
6955
16675
8284
17149
4970
11186
1129
2436
2525
6997
6953
8030
6326
6788
13927
1325
2914
2521
3186
11884
17248
11311
17095
15638
2728
6092
16754
1421
8041
8087
13598
536
13623
2368
10417
2316
247
13526
10326
17822
7160
4873
5662
6814
4292
10543
4167
7825
3042
8378
3901
5209
16789
4133
9671
14068
16772
3555
4355
10757
8631
8185
5609
2102
6163
16221
16475
15124
8597
3193
1577
8762
6988
4100
311
10713
12567
13667
9726
11492
3416
15335
9255
2686
7204
2093
4215
8061
1427
1070
8114
17713
788
1766
4229
1792
15941
10981
13826
12646
3800
6071
7392
1677
9466
2249
6613
2379
4555
15292
16408
12530
16089
17066
1987
3011
9717
7703
6999
11843
5344
16236
4965
1008
2016
15123
11391
686
15534
17257
8180
10440
2158
12380
2973
6046
9863
8890
14898
8892
9987
8766
17757
4639
3503
12297
5412
8015
12795
17844
3316
5086
4222
9128
7371
7297
15971
13002
4384
369
5755
11788
2229
14568
8719
12583
2221
7193
1222
987
1137
7393
12782
7709
11711
12679
16942
7300
6827
12082
13346
18047
11251
8239
7148
16070
13386
3277
10343
11947
15087
8870
7127
11727
17225
13562
8017
14931
11093
12192
14224
14429
16429
3771
4213
5639
6099
11564
3297
4200
10180
14066
1310
5481
2612
15308
8606
670
15778
8200
3152
9310
8279
17426
8996
12601
15617
11232
6745
11717
12834
1630
6918
8098
3019
5447
583
388
12228
5752
9171
16104
2199
7141
12347
2913
11965
11732
2001
17169
6381
6841
17178
11660
7498
2270
1357
16328
15280
10877
12445
5407
7226
11852
7344
8942
8018
4477
1924
11811
1826
6703
6780
7739
3269
15333
8652
3514
12614
14744
15131
13518
1784
8445
5055
16962
2388
2940
3706
2937
8681
9519
15682
8791
5115
8014
3742
16366
1890
13859
12394
1033
5035
3938
3437
17108
6689
7328
11740
9917
7925
16515
7933
12860
16383
7782
3621
10097
6802
9562
13508
4253
5227
15985
2342
10611
18042
13
1604
8807
429
2768
9691
14599
16345
15631
6356
9405
9830
11604
11153
7620
9435
16305
250
2118
560
17932
1534
12694
17092
1578
8487
16919
1949
5144
9538
1071
9907
9216
11108
12368
425
9757
6311
183
1932
6580
11591
6154
409
8671
2949
2797
11934
10645
9252
13054
2715
4756
4130
9472
13513
15098
17339
15831
12713
12892
6499
3770
7668
12199
9935
16748
6205
14216
371
14357
10886
9268
13056
7010
4744
11534
5426
6411
12042
13989
9827
15217
1448
493
3115
9973
8983
11939
11616
12210
8739
102
16757
15220
10523
16281
1911
1812
11677
16175
4669
11309
6081
6793
6270
9446
6110
7829
8673
11920
8321
7939
8925
11417
8464
1148
2443
1227
13788
9238
10338
4839
11343
8862
10742
6509
7187
16330
9948
8951
985
11967
4146
4204
15394
11487
9398
5831
13140
14704
7409
4719
5916
18
4752
8786
11067
15336
7641
3756
4820
16126
4293
8346
1527
13556
6977
3491
15674
16618
4290
1061
6676
13743
5335
6970
12412
4454
8149
9788
11022
14580
938
15987
8745
16728
16008
12626
8016
5599
7400
1228
8562
12249
16195
11858
10895
4874
508
4043
5480
11842
4992
3112
15288
3686
1942
16957
9422
2164
114
3361
16610
10824
2395
2393
12430
16160
3932
17460
17874
16737
6329
7728
16000
14445
12147
1722
17416
910
15226
7887
18054
7455
13584
594
7679
2778
4385
15627
3611
2731
11607
1393
2066
14341
12887
17355
9409
9685
2126
9381
16961
17878
5848
4734
379
5775
3009
8350
13844
15038
7432
17015
3779
4027
5631
9545
6520
10691
6131
16125
10913
4638
18034
14547
7824
12414
9332
184
3870
7987
15955
17128
14185
10179
11199
13089
5935
13317
7763
10646
8322
15385
3565
2547
5749
9127
11141
15128
474
15093
9006
2716
858
2195
15590
15201
7608
9345
6150
11844
8189
8801
4187
13884
1889
98
6164
14427
1716
6056
17965
13566
10776
2863
10969
15773
8504
5099
10935
533
10178
16738
1523
8876
3373
17871
874
10056
4860
60
9785
10626
2944
8637
17523
13952
14386
7898
3185
9523
15866
12317
13912
3597
7784
13666
6855
302
15265
2312
14174
10637
5255
1750
2938
8975
8374
4975
1284
16753
8137
8454
16137
3505
7284
7043
12287
14929
17152
3272
12293
8175
10752
17863
10729
10898
13687
927
17141
7404
15794
1075
5422
9503
3094
6670
4343
7785
15926
7424
9444
10316
7532
671
5915
8036
4190
9251
3459
3003
14114
2255
2497
11334
12221
15814
10998
4386
17305
8125
7385
15840
12215
10748
13421
16220
3294
5538
3660
15600
9914
15835
3913
15858
12652
16719
10808
2985
9676
16193
17190
6350
1603
9492
17147
10359
11360
6830
5647
2082
16928
10373
5452
390
6075
5988
5483
4151
12013
3474
8058
3995
6835
1157
4401
10408
4451
16245
5578
13784
8199
550
10100
14521
2991
14914
11713
10576
14459
7753
9243
8459
5147
4445
11433
11255
14221
681
7589
1789
12422
3945
17160
10024
2616
6467
2548
3383
13849
10286
794
15570
16275
11643
503
10013
10737
17052
11198
2318
4917
15266
5477
2079
3797
6917
15055
15875
4961
15802
7370
1680
4856
18014
18077
14210
3697
13226
14643
15257
11405
6993
9050
12109
11474
12427
11752
8396
2868
9944
5889
11396
11420
11652
9054
12203
9848
14070
11841
6944
3452
10613
15719
15404
10463
4166
16364
14613
9746
3737
9146
8805
649
526
12560
1582
5849
8251
2371
4083
1366
6
12573
2871
17104
8386
11918
2770
4387
1118
9963
616
9436
3520
4902
5733
3490
12251
12983
6213
11509
10753
7565
17216
10816
10657
1646
11900
3696
9327
16386
11627
16551
8947
15761
156
1811
9186
3055
7223
2565
5191
15683
12710
15876
16667
7022
1770
15234
12377
3525
16391
9616
4634
16808
18066
5789
4227
8012
8155
15605
8460
7185
13806
9984
6216
4994
13004
11159
18050
465
7205
10131
6346
11021
7745
902
12473
3423
6226
15356
2005
17238
15044
229
13957
5625
17825
1355
15818
4909
6217
13707
9027
9111
4379
704
7514
1555
7567
8667
333
9522
14017
7633
8510
16552
16035
11357
2933
12722
5942
679
12774
14199
450
8804
1668
2885
2337
5100
11978
2751
4450
12282
479
6862
12870
6388
8530
6840
6156
12699
5296
8009
8202
5957
1687
3369
10435
11956
3690
3674
16916
8795
10008
6341
13138
14041
10697
17880
5805
7530
11658
11883
17686
393
6963
5264
2794
17148
8911
8696
7712
9657
12634
15619
15096
6405
4317
11666
7080
2146
4053
17904
8560
16135
7330
8751
9397
2654
283
7352
2220
15172
2850
11387
15592
8944
13349
652
8224
1086
9464
2962
5823
16886
12098
4042
17123
16262
12402
3711
7349
16265
7582
16668
13692
15975
17535
15033
5371
16030
10447
3837
5683
15049
6705
13993
8863
16771
6892
2092
17936
5282
17229
4850
13448
5884
8332
9445
7181
587
7562
16293
1810
13793
11388
9614
7339
1477
11933
13181
5907
17740
12212
6711
3478
8513
9590
8115
7116
1400
1916
281
3271
16963
2533
16379
8574
12775
3808
13857
11297
3362
15677
3227
11723
16049
6824
14005
1962
12022
49
6541
11454
16921
17519
18074
1262
15958
12849
12383
12041
2999
8361
5297
13353
8313
5880
17290
1557
4778
7596
8698
4461
15249
3089
11834
1397
17415
16228
10268
1167
9061
7448
2769
10388
11356
13768
3554
16680
7474
327
15110
2701
17653
6820
12476
8151
17242
9297
7637
1705
9526
2687
12413
17111
6080
15502
8414
3252
2052
9096
8231
2881
7657
4615
17017
17538
10299
617
17161
4837
2138
15209
9527
6208
5467
7537
8176
12918
932
14706
1292
3337
7517
7604
2025
23
4243
2382
4298
2479
8787
6235
13119
14675
7278
3998
13458
2703
1302
1652
4763
11734
6921
7509
9600
14169
8855
17923
9481
7435
15894
12681
3101
13303
12912
2655
4286
2693
17102
9112
7900
17182
12018
8827
6206
12723
12245
12321
12950
5979
15145
13953
10940
561
12865
9491
14773
6634
13203
10111
9241
3257
9931
8099
12897
14181
8409
8375
9547
7979
11364
9952
8205
11302
12528
9525
5396
10708
17974
13492
15973
16346
12025
782
3793
14602
11537
16158
4758
8535
9064
7331
4160
9504
3922
13882
14051
16259
2709
8469
12542
5060
17231
13132
5184
4178
5295
3454
11987
4657
17836
11330
11279
2202
4034
8532
3035
5762
5511
12709
15208
2085
4447
2357
14518
15392
9474
11482
17892
10964
10766
4849
11650
3010
5596
1473
16783
11527
12301
10099
13509
14894
7780
4111
17715
11204
11088
3791
11532
14920
15387
17611
7969
3473
6479
4518
3422
13972
7575
10339
15066
745
12677
8999
9339
14728
1232
8955
5655
163
150
14422
10536
12263
15606
5223
7827
10360
11599
13871
9018
3666
15231
2656
17395
13207
8481
16418
5730
17328
1050
4375
5289
3920
10728
13046
5999
5959
17569
9316
5953
18028
1623
6839
8988
2306
9117
2901
6801
11745
15846
4825
8884
12240
17430
14113
9067
11354
2819
3352
12208
15366
1476
12948
16136
15360
17953
3833
6685
17968
3986
7635
12655
13313
3754
6038
8305
4767
7788
15505
16464
6258
10304
13571
16240
7764
13454
11377
14135
12481
6857
7513
11312
4161
7807
1226
15352
14649
8976
16341
5331
2876
9377
15388
11026
14627
6465
1899
7152
3008
10593
3667
1938
3044
8073
15935
11869
15042
8737
15689
2877
4940
12452
722
7453
1649
17795
11799
17249
1846
17320
10943
11551
13094
11273
6906
12899
17546
3359
10660
2380
4334
11180
14028
7767
7538
14527
10400
17734
14607
1662
5919
10953
16162
2849
9670
185
14672
105
11085
15451
3267
16837
8789
5695
4188
8274
4861
6002
16901
1217
17957
4118
2384
15156
9408
6620
15821
15284
14464
11618
10198
17682
5136
10059
6483
15314
17455
4798
15961
14433
11744
13111
7750
9214
4320
8788
3226
14203
1288
3497
6896
14423
3619
12054
10142
4360
4527
10604
9366
11442
16676
134
2129
2109
16140
4462
4575
13061
16044
17411
873
352
3734
14405
6844
2136
603
411
15752
7357
4653
5317
6107
16846
15722
5990
2928
14902
1709
12683
3955
16895
11904
6359
3278
10923
7420
12587
9364
15463
10892
4070
15453
9135
2756
2167
10720
16937
17840
12424
6316
14344
4845
11675
9264
2108
15299
725
16067
4880
2258
17237
10240
10425
3432
17361
14702
15989
2805
6306
1450
8968
5018
13955
16556
10736
6175
6327
15511
17002
9406
15910
5205
6979
6011
13476
5395
14373
7766
10617
3415
2491
1365
8500
8661
1076
12397
6733
6294
16655
1952
3171
189
1803
6328
2279
11478
10511
7325
2764
16050
17855
4363
1765
6087
17637
16572
2814
6103
9941
9000
7334
11131
2553
7381
17154
11707
14541
17049
11839
11385
14031
13432
9357
11259
6009
522
16987
2564
13503
5881
4603
4480
5791
9770
17195
13013
7731
17628
17703
554
7358
10835
16322
12058
6410
10545
11815
11453
9954
3250
2346
9029
9488
4393
471
12649
7998
7611
13453
17031
13787
8433
8585
362
7310
10278
2513
3217
7035
16120
7100
10821
7822
10633
6875
6241
6287
11611
8255
16826
9449
13586
1312
1241
2360
12309
4810
15735
5838
3942
6579
15449
17694
5268
6473
739
17330
4377
12818
8816
14443
8796
10731
15826
6312
6698
4819
8518
5824
3066
13398
14177
16056
11079
14176
1670
9813
4514
3196
845
2816
11612
17901
16098
1346
2404
12526
14408
2064
6406
11187
14679
7064
339
16873
2563
1299
8008
403
6525
4882
1084
15136
6652
14063
7591
1316
6554
15315
2551
7603
10549
17627
9548
10652
4991
6149
1759
16955
14235
15017
10750
7189
15317
5949
2906
8505
3400
14964
721
16827
1402
11381
4593
1714
14515
11459
5552
16511
12142
1903
18062
10185
5499
16578
17021
11091
4789
9880
6282
8916
12318
14937
15462
10690
3637
3021
5361
5199
17760
7345
3531
3475
6014
5486
5008
3786
1512
16548
3141
9791
11436
1656
7318
2590
10907
16751
518
14716
8174
8112
3482
9534
16815
12081
16594
6113
7410
5436
3687
3165
10409
3643
13173
10172
3076
10439
1277
6776
12092
16269
4407
17934
7644
9531
16613
3392
13830
7675
18013
6355
16636
5368
6188
9276
6833
2165
291
28
10726
14173
13413
3832
4816
7549
9640
5822
17475
11317
12015
279
11419
17642
1468
15521
4641
1441
1207
929
169
2775
6431
2872
13923
10978
8347
8866
10986
12028
742
15052
5782
15823
11722
14329
11119
13833
4664
5860
4743
4757
13383
3999
13595
14270
18019
3790
7680
4523
9890
2972
17567
4698
15994
14305
13625
17093
6307
2782
13277
6059
11924
7598
8085
9831
3629
9437
1410
14240
490
6526
5165
5929
9265
4171
3916
9306
14588
6756
15269
11383
15675
14787
16931
8353
6916
10171
3755
7481
16712
9031
11353
5490
17624
10146
10208
17319
5400
2116
6508
10984
7246
9389
6268
12367
12145
9070
12416
6155
3566
8598
14191
13618
7606
3928
12288
9820
12365
14739
6795
9057
12512
5207
413
10385
8275
17951
14061
11220
16777
14164
11441
6024
10960
9063
416
14404
9098
16244
17404
12224
13565
4374
3504
16801
9703
15623
13343
7230
6874
1976
5763
12554
5767
7030
17314
11546
3492
7057
2452
4460
7121
4223
5261
16588
5666
15774
15900
13338
3281
251
6392
12270
6148
15886
13168
17964
8531
5390
4316
14648
4509
11823
6066
11023
3725
1993
15625
7341
10281
8689
3757
13796
11598
2107
8572
7038
11864
9069
6017
16642
1104
17913
13066
4626
16920
14535
6822
2060
2840
16249
5376
10839
2592
3435
301
1595
6365
13493
8561
7646
4649
11502
14752
17887
12325
14608
17018
6521
5463
7627
10823
13544
16256
9638
13592
12433
2071
3993
6271
11765
11386
15807
16252
13528
5166
9109
11242
4335
8211
4050
11109
13775
5343
16267
16953
16972
8824
11397
988
6123
14032
2334
941
3746
8832
10247
3903
17568
16462
936
13250
7058
14413
800
16487
15032
8954
695
9733
5500
5637
4308
14253
8640
1073
11770
9097
13108
3606
16427
14822
3825
14261
12667
4330
11318
5750
11030
12802
2114
1757
9420
13769
7515
14766
17334
15132
1818
9563
12306
7914
16567
6731
4875
6490
2670
17884
9501
5861
8049
2806
1808
7319
14170
17176
11655
8286
3029
11662
2351
10128
9514
8217
12286
13127
7775
13541
13112
7184
4785
10800
6671
9679
5160
3789
12051
6262
14205
7125
4391
11303
11189
1380
4793
6644
13654
15194
17211
11854
15596
2546
12619
14316
1920
11151
1809
1206
14298
3489
7880
10340
2509
10710
15475
16660
1378
2276
17386
13820
13812
5686
12864
11776
16289
5340
12260
5381
8520
3914
9990
11494
13434
5580
17081
6914
15898
12705
5837
17458
7650
13861
8994
14746
13461
72
17094
14911
964
4721
9972
15766
7954
8888
4029
5678
9142
3425
1490
15365
4266
8287
8306
9524
9026
266
10827
16971
1308
6740
9721
15986
10014
11165
9771
13028
13118
476
628
1675
7956
5559
13824
4833
16635
12063
6980
5810
18088
14585
3012
7183
10018
16778
17234
15847
7213
7883
9248
1588
9689
15030
17778
9166
17194
7473
12488
2657
1602
8385
15485
13792
196
6643
6623
8337
261
14335
11766
3972
14615
3727
17978
9637
9706
7819
15112
1488
3762
14684
6707
11515
9035
15442
15855
16333
16721
7632
5672
16974
14674
2449
16927
1665
3633
17975
16741
15890
8457
13896
1010
11963
374
315
6982
10751
12029
9016
1851
16456
7520
14707
7311
9617
9897
14909
6050
17392
9571
10372
8293
17950
8368
15434
15254
10764
9832
17046
12525
1659
15937
13597
3859
10985
10977
13516
11411
11106
12712
14579
14383
12643
17473
17661
15009
6763
3528
7413
7980
16403
176
13980
10516
50
5600
8723
13210
7224
13786
6079
17698
14290
2983
15148
14019
8718
12972
11495
3169
901
11490
8651
16806
16647
7343
16290
9220
12686
15874
10334
16700
9020
6391
6132
9192
2661
15523
12461
12874
5240
6222
11177
13916
4470
2188
5124
16459
5037
7499
14353
7472
4687
11335
10096
4706
6169
14006
4723
12773
1758
4568
2179
15089
9500
1182
16082
6245
8057
12503
6342
12632
5280
13799
5451
1090
10207
410
13672
10254
1013
15403
2519
8
11704
1174
10473
651
2204
8845
1103
96
6879
12014
4092
4824
5132
12603
5885
15678
14762
17089
16569
5747
11682
2369
11130
7542
15076
15925
11807
2013
11578
8192
2142
9940
9968
13668
10112
8391
8383
12404
17652
2344
16717
7837
13681
1428
5385
3638
4556
8001
11143
17915
4174
13029
15702
67
1678
4003
5369
1058
14161
3286
2644
1904
6487
6336
4332
11168
17074
976
10397
3607
12055
9201
6673
12216
1218
11374
15700
3228
11876
16991
17057
11201
14712
1155
6065
11561
2560
15170
5311
16998
5377
10159
3900
1265
14400
8453
6746
9041
6187
10405
5432
14946
16677
2641
11100
404
17098
17733
15507
562
6514
2409
9752
16335
10107
9147
10879
15444
13550
6484
4212
246
2777
1996
7902
15171
13748
17344
16457
13374
17209
5657
12453
16381
4189
6919
2917
9920
1925
7584
9185
9335
13329
13999
434
10638
13035
5783
439
12477
5687
17083
2252
4780
16152
12354
1536
10820
13632
15286
15293
12706
7973
15155
124
11955
11452
144
10471
1667
5181
4491
4494
8924
8111
2837
9485
4258
4177
3202
12016
13581
4203
5651
7445
2315
13499
9980
9740
7478
14330
17992
7506
9373
12254
5443
11029
5078
17865
3563
3588
4660
11518
14884
18000
12450
10836
6437
10269
6512
803
3235
13484
17813
15200
15285
13804
7007
7684
1876
723
7888
3366
7948
6457
6458
5684
11044
4247
9592
15690
2218
17927
3882
3685
5718
3270
4827
9283
17217
8740
17776
10761
3222
14097
9865
6593
995
16362
2149
12207
17239
12500
17574
8814
8348
17867
9100
13558
17972
15558
12128
9493
1933
3457
1034
5152
9680
14788
11705
8688
15090
2482
8759
452
7115
13749
15718
14510
3276
3219
7195
3045
6393
141
9483
14784
15834
606
17727
4895
13352
4754
2459
1261
15295
851
6364
9168
2181
5228
7705
16416
16835
11427
8086
12801
4671
2898
7122
8636
9678
11034
9636
16600
11805
8907
11042
11731
12985
13934
6114
8854
13879
12020
2724
2722
17027
5332
14917
4616
11421
11617
17858
1669
2831
6288
12997
1699
14214
6965
17204
17456
10847
10785
11410
16870
13016
10519
17565
13918
5731
9065
581
10947
14502
5566
8966
12809
10249
12604
4799
14287
15103
7257
15767
8480
11476
17632
5
15726
2772
11336
9240
16010
11439
15111
12443
6657
17748
3184
14246
10595
14478
11993
12262
16608
11937
5187
13683
11465
10507
5664
9918
80
9712
88
2139
6540
15572
1906
14463
12344
5217
14403
4235
8729
10862
4696
10158
13133
2131
9553
4420
8639
3255
4412
8732
4745
4688
17956
14243
16958
2224
4259
17168
8201
9866
1883
12890
2578
9183
11550
11931
11777
15851
12584
3943
9559
10411
7629
16943
4735
4943
10597
6760
8987
43
14263
13862
13869
2120
17664
12509
3288
8537
7931
14397
12593
1051
2952
9287
7967
11501
12469
740
2848
9451
2038
13228
7809
109
15034
6910
16046
8047
16
13624
4192
12349
9942
8153
13294
6204
8568
7729
9338
2508
11276
5897
2829
16622
6199
12556
5587
3979
2033
11366
10526
6397
1835
11468
4484
9888
9962
1012
10300
5334
8511
14559
11414
4067
14765
11005
11244
766
8998
12839
12735
7653
5189
17660
14482
6026
3460
942
13583
12778
1798
11486
8161
1434
12468
13497
809
11260
6441
10048
11188
2230
5091
1323
13985
7466
7293
13389
10922
11540
17405
2275
13257
17187
9739
203
7974
6614
10716
470
13348
4059
16083
4090
7351
65
5246
10401
13855
16829
10453
5123
1267
13486
3001
11891
15022
1921
10068
17377
17499
10354
1525
9885
9669
6031
16534
15576
119
1317
951
2827
13107
10938
3849
10255
6590
15294
2648
4112
33
11429
7916
1740
2145
9651
17716
11068
14050
5985
13703
6145
15421
3216
4438
890
10809
11112
14594
8709
17862
8958
12131
17001
13438
5173
7623
7666
1194
15868
1121
10292
5156
16062
16032
12635
7394
9608
8846
11155
17650
14454
12687
5235
15440
17720
2620
1559
10636
7150
12657
17005
6546
18020
10578
10301
3251
8304
17222
10765
3396
5705
5947
17529
1209
11095
5401
14417
7109
14001
10288
7803
5754
12704
10088
17673
10909
13907
14621
3264
14127
7177
4132
16860
16531
5461
12707
14325
11797
5127
8326
2041
17866
4635
10072
7312
15956
17963
4285
12788
13678
7001
10420
16043
14630
240
12432
1469
16798
8835
5536
17667
13512
5592
14578
1698
12379
11398
17489
14747
5899
14314
3509
5302
14556
17894
8943
7838
9512
16516
12671
6991
16949
13091
3291
13797
10534
10803
5186
13964
8164
7090
1504
10061
4429
17391
11769
15798
1849
13808
14472
13537
12771
11684
13330
8373
11028
6983
529
3274
11829
5514
16503
9003
14000
11170
9480
8519
9286
7886
7614
4487
8187
1613
12745
2685
12493
13611
12135
4485
13064
13465
17327
10017
147
14571
9845
14047
5076
2213
14122
8679
17317
4045
8754
11321
11580
6604
7936
3736
13567
605
15438
12308
13384
9585
6612
11952
9156
3652
16147
6243
13853
16059
7380
15672
1862
4127
5116
14900
8549
12234
6210
16659
12291
13451
16412
9511
5857
17205
11535
16547
6220
13143
1970
5502
9231
12968
16340
3161
11249
5546
3439
2904
9999
13926
4604
18101
10639
12566
3058
2883
7771
11368
97
14504
17228
15611
345
5058
17172
6987
7153
4618
7412
3157
11907
12407
3344
8413
4246
6778
1291
14206
13552
4228
8225
3760
7714
16759
8767
6449
13009
1484
597
5652
12701
16433
17408
13631
8768
16506
14813
9985
10973
18086
12304
9403
5533
10476
4705
9044
14242
7738
5741
16176
13904
10968
7395
17577
8601
10398
14936
12498
2217
419
11089
12138
10622
13406
11634
1910
14567
16671
2254
8170
11014
16946
11626
12337
5913
555
14351
4859
9139
10365
14918
5855
17156
14984
4733
16411
2106
15598
939
12242
11370
3118
12191
4597
11499
15024
12149
16353
11467
506
13135
3886
5869
4879
5846
11576
9945
11762
12996
14144
2556
1290
14090
17121
17140
2426
10686
7770
13696
8437
10762
13218
6986
16747
10465
8830
16805
4035
346
641
12531
9388
8067
16884
14916
11039
7928
11000
10497
13705
16619
5096
13818
16814
7450
11010
5954
13698
15533
10661
17998
12470
1219
5602
10026
15988
9922
17775
2235
12275
11880
9017
4446
3387
516
7978
510
12420
4766
8783
11043
8432
14977
12343
12580
5970
12497
6201
6666
14461
7651
2528
6162
11018
6878
10063
5773
15375
14562
1091
18021
18030
13102
10881
1146
8435
5866
4464
6170
10533
11747
482
807
13622
3810
14551
17318
10228
5716
11164
15536
1622
13158
5540
9803
11531
6239
3326
3476
7901
17610
13120
353
6927
16194
1493
11676
11277
1304
6332
6146
15053
14125
10632
16387
14367
10712
6073
5826
9814
6749
12644
1344
2674
2405
14013
15792
6691
8953
4388
17724
14523
17678
12195
12524
4073
2162
11969
10838
11402
10353
10403
12336
773
11185
2186
8097
8548
10853
15978
1404
14847
5444
2784
3187
4694
5673
15341
4718
11865
18025
10812
444
1038
8458
16525
999
9213
10884
2516
2966
13893
6530
4981
11972
4894
10391
5101
8663
15259
9581
5431
4351
17042
9458
9371
3927
9818
15130
12011
857
1015
4232
12553
8419
13617
1138
4836
4208
17047
13055
498
3885
10605
8094
5612
9516
775
14595
16538
5269
17230
5498
17596
9233
16521
14532
13891
16360
17116
12992
5693
6597
16695
1923
11748
8573
8354
12920
2545
9895
17247
1327
8829
16787
5904
467
13440
4774
8166
12049
8425
12400
6531
627
1047
1866
16188
8957
15167
8721
7232
16661
10914
16179
6452
1016
15993
7848
1805
7552
7143
2251
14957
15506
16382
945
12582
4589
12741
1533
5249
16211
17666
8755
7105
7661
9330
16273
16452
3130
6507
6096
10586
1531
7346
14223
2099
12110
10793
10583
15661
9093
9872
13098
8434
14647
2020
9956
1467
15680
6078
1755
839
8486
15609
8484
9720
5294
8063
16297
4015
934
11342
12200
3558
630
660
9487
11806
7275
17349
5299
11899
10834
7034
10574
2232
14525
11832
11525
11114
6074
14196
7026
5397
7526
15002
4162
12791
7021
11522
6023
4922
5690
15645
15282
2558
1399
14115
10377
14016
3327
12236
7368
9773
4409
11031
16544
8495
2000
14167
2786
11167
10917
5636
15474
894
7686
17185
5835
9363
17924
12206
4006
3493
1234
7255
16372
6337
797
2305
16302
3414
16530
2852
4323
3144
5607
4610
810
9641
1079
6224
4479
2708
10285
15447
11359
385
6060
2156
3578
1657
7863
6978
9949
14652
11210
2861
5190
1343
6469
6347
9979
18023
14259
7321
13582
9728
16875
1661
2241
11548
2747
16146
16864
264
9478
5675
6606
4701
1973
13255
7570
10674
4806
6672
9817
15503
12261
8956
3488
6401
17955
10721
5973
8612
12991
143
11161
6683
16486
17067
2399
5911
16316
6976
12431
13341
12333
6481
9766
5273
9188
11663
9793
2907
14055
361
12600
9324
6534
7949
12756
9975
16365
6887
3956
4016
13665
5180
4656
8493
11922
8756
6915
13301
16100
7159
8295
17058
4730
13077
221
16553
2838
1853
8450
16142
13883
13239
15651
3617
10058
8122
8694
5712
9399
3405
13439
5792
9086
16792
14692
9804
2343
11327
2793
11231
13437
5286
45
11636
5051
17221
13115
12439
6790
11861
1289
14093
14801
5354
396
8657
16791
15476
12821
6335
46
15080
12436
17192
17674
765
7214
12151
10035
5856
90
1188
6223
1230
13097
59
1132
11586
2889
13373
15179
5632
2411
3951
4101
17872
15917
4245
15429
17113
11741
7777
8848
208
6665
3609
10452
8488
4416
3862
2759
631
4087
9798
4406
12375
1513
6693
4665
15493
10427
18083
16034
13339
7458
14264
3843
13711
15699
13695
7089
12932
14990
4921
15219
4155
15040
6682
1187
1807
4236
11964
10378
11048
5284
2155
10461
13908
14637
1163
7249
13744
3149
9313
13913
16807
2314
10662
15007
6943
6838
607
12995
9826
4147
9521
10153
8780
12753
14268
8472
3194
15247
4957
16816
768
3567
12006
5497
1515
11338
14380
15489
13174
17675
2994
10741
10609
7664
17553
12046
11771
11926
10642
15655
9034
15852
15256
10714
13443
3873
6000
12071
1324
17343
5044
14473
11528
5670
6070
14701
7540
1546
15212
5399
132
16264
5308
16410
16167
16375
10758
13885
1029
13409
336
1097
15150
4214
16670
9356
9821
3162
7118
11470
8277
12324
10239
5611
414
15871
3957
2431
10272
15102
7862
14506
12654
1255
10774
154
16510
3385
13639
14950
8710
17783
10454
15302
2970
16033
5525
592
8534
13996
12523
7239
13021
13962
17671
13344
16724
86
2231
18048
14855
12586
3295
3318
9681
2623
10141
10603
4408
2695
3301
11380
4002
8781
5388
14141
12222
6850
7856
7917
14284
9951
3041
17594
15079
3322
7329
2543
12102
17625
6668
6601
6510
18022
4238
1002
7102
10080
12272
14140
12026
4947
5581
372
7735
5977
5036
10833
17587
12401
11217
9202
6576
3751
15327
12885
11406
13708
4844
17401
16469
15077
12080
16982
6732
8403
171
3464
11350
1961
2771
1337
8860
6333
6624
13834
5482
17151
16529
17014
18002
8355
5229
10559
7677
17175
12465
16841
13593
16284
8648
1105
5975
4915
1197
17891
4673
5042
15642
9700
16831
14960
15618
12335
8708
7756
8738
13307
17033
6420
6901
6895
12239
4216
9780
3259
10563
9601
11280
6178
3292
15808
2517
15647
11902
16932
10371
14736
10129
11646
2981
17300
5740
7976
5473
2847
17119
14072
13831
3317
7908
855
7700
12299
10567
4367
4077
13416
2471
12831
7990
2147
14149
2905
8272
4088
10957
4828
3033
576
10311
663
9468
10355
3759
8384
17960
1395
4144
3532
15786
8184
14189
11596
8750
8377
17087
14943
17464
2026
17591
12859
13877
2446
14285
15816
157
12537
7087
16069
14178
4974
7906
918
9025
8307
15351
9154
17809
14136
12462
5551
17224
13807
11566
3809
8977
10531
12975
16505
13367
4777
3090
5638
7369
15797
14709
7618
6663
11270
9152
16257
12370
17657
12942
13728
14664
16277
10883
17487
6488
4959
14231
242
4364
15845
9060
7798
1130
13504
10494
13142
4916
4907
604
11568
10500
4405
15353
12711
6858
4854
13455
9761
14437
11672
8289
12253
13171
6867
16690
10539
7307
3462
9179
7206
3780
5859
10479
6063
4066
1518
13594
10791
15713
15893
3391
10698
10273
1369
3122
1315
4201
6524
4622
7110
5128
4328
1059
1545
12160
15070
9173
7866
4036
9262
10939
1200
14213
15760
10434
15343
14732
17022
8990
17418
182
15237
678
9933
4007
9554
2568
10110
16746
12205
17811
8203
12866
14629
8053
9719
4327
13281
4714
14311
16474
9772
7171
9750
17292
11373
10040
15165
13535
2632
17138
9567
9230
8479
4022
9764
5873
17302
12411
14839
16235
6345
2974
10031
9369
13717
4884
754
1119
12698
17544
13754
15981
10779
1528
1738
11892
1537
4263
17144
10587
11500
18012
11875
16371
6190
14207
12104
8626
6513
11019
6039
4467
15321
12642
11237
9285
2735
13469
6716
17310
12617
10594
13638
8782
12966
17559
14241
12752
2622
9633
15207
12572
1506
16842
14065
17263
1754
4415
4424
7166
12915
7405
8877
16482
17906
8985
12720
7600
14713
10222
12931
10699
5370
1475
5233
1307
13190
4869
6354
10723
15268
1025
15109
14524
1673
6505
1406
15580
1139
15115
9862
5503
10745
5245
16929
9587
5729
7050
5168
9787
7028
3834
17075
12862
17970
17938
1133
14042
15490
15595
10707
7963
13144
11872
16354
2390
3752
17722
16909
4897
13495
1134
4914
13979
919
14700
255
14497
11780
10120
17202
17336
13205
8806
13075
1407
10550
821
8179
10735
4984
16161
17233
12072
10082
13259
5080
10462
2821
6647
7031
4244
1463
3128
11339
16329
8615
694
12123
13757
4741
12638
4102
3569
7847
10270
13293
10885
15658
7123
15186
4642
12083
10229
18043
11822
17985
18052
16280
125
1430
9144
12410
17804
17648
9851
4437
12319
14792
9165
12259
16496
7119
17526
9280
2451
18001
825
8257
17979
16855
5493
17636
15686
3182
2377
16396
3665
7871
8982
4071
15841
4867
15878
7072
8580
8813
5808
13664
6873
14356
11087
15508
15168
1189
7411
17787
11622
10946
9628
14091
15334
5041
12330
17695
478
872
8394
8320
3410
553
4794
8831
1294
15275
2070
13795
15185
16994
14671
16239
17157
4782
13150
16925
177
8494
8945
1392
4513
4131
4013
5196
17578
1913
6947
2068
949
7144
5760
14520
16355
11647
11657
14303
1611
11316
15067
6569
5448
4605
6041
17883
4093
16096
4732
11542
13333
12460
9896
3614
1056
14024
17280
2295
3698
632
3108
36
11726
308
12196
3953
11193
16077
7447
9426
12437
412
8117
17120
15715
15589
9854
15205
4185
2456
1907
16936
12459
2884
12188
3253
17269
17864
13524
4103
836
5851
4928
4594
15582
3471
9380
2374
126
15867
4971
193
15105
4466
10030
9775
4206
7196
16336
15707
7106
12732
13310
15599
4771
6352
14244
17800
6072
8701
12850
15861
1414
1000
11757
3215
11867
11638
688
15003
7528
8912
3333
17476
5383
991
2144
10132
9627
17875
5007
1142
4069
16833
1254
9088
6351
590
11913
7192
1564
8119
7486
3000
17463
14618
10329
7250
8965
1283
5621
3522
5234
813
3975
16645
7494
10230
5472
11137
9889
14970
1764
15537
12826
12623
3064
5641
5620
17688
4690
16938
9226
7462
15864
12446
4362
1819
15164
15777
12472
16713
13500
8644
13194
1768
9257
11565
16617
8468
5225
4249
17199
2766
15965
10814
10784
14913
1195
3830
7033
2461
13502
3406
17531
11469
5998
14791
7237
11630
11105
7904
15684
10676
15367
13933
769
17573
1072
8485
13753
17060
11966
8051
6622
4712
15253
17930
12390
12399
9431
2518
15656
3075
17900
10915
8834
16731
4267
14347
2299
14467
15819
5219
191
17212
5305
8819
4601
9012
1739
249
8181
17633
7186
10987
16254
17019
10380
12069
675
7259
1635
9597
16497
6016
17397
760
6472
3221
17999
12255
6357
17981
15551
14020
12522
16793
6261
6859
4939
17
1447
6454
1672
13960
17681
15064
17050
27
13246
7251
16492
295
17208
103
7977
14228
10419
6737
4924
7719
13680
16947
14749
12784
7303
13747
9130
7590
10176
14460
7003
888
16752
1332
15320
7361
815
14056
17097
16702
12184
1181
13619
8672
1085
10689
12547
528
11289
7647
8989
7428
1682
3839
1917
11076
14455
152
10225
10280
5738
1631
4600
3890
16745
10854
638
7884
746
3798
9460
11719
12095
8753
11498
17143
13634
10551
7495
271
3812
15853
16384
15197
14015
5941
8868
12662
2292
4666
9394
5081
2986
7645
6646
8476
12737
3247
14360
7826
12690
6045
3801
2869
3863
9745
15545
6968
17626
2813
512
11808
535
2331
10188
11463
463
5139
6627
14606
4951
7578
8614
2244
14112
1298
14142
6860
4835
16224
16148
3390
15454
9906
18026
11984
1502
7749
8964
10901
1386
12165
16977
6138
9937
13585
1248
8379
16656
5770
5434
13900
9819
202
17299
15107
5459
3059
9755
3710
11125
5615
11697
8578
10328
15011
12322
11545
7940
1238
9387
87
16716
13950
16129
13070
520
10568
10495
210
6450
9958
6635
11863
12352
1069
16351
12555
1565
5685
3099
7539
7308
9864
12064
6230
17011
8858
637
544
5950
10654
6378
14954
7640
620
18081
15181
16036
17608
2594
354
12762
7626
12889
1420
7132
6654
11299
7348
11200
10841
39
7758
11887
13578
17563
12426
11163
10709
13954
7108
7783
13315
15423
15378
8540
4421
12517
3142
15342
13366
10418
12244
17619
16028
3777
12419
16786
2245
6338
9473
17420
5375
13903
4852
6954
3970
7663
8880
3778
5260
16309
16744
5521
9643
15697
12480
8509
7774
14078
10457
2541
10911
12094
11914
9754
12895
7559
8645
2566
15723
16652
4072
14234
9639
9686
15704
1580
10085
1655
4866
9632
1937
13643
11764
5616
3485
6256
12040
17003
2201
5628
1554
7009
15659
4536
2820
5516
10307
15277
7833
5976
15414
7994
11721
9271
304
11625
6748
9774
8083
9351
4788
13864
3237
11268
10799
9682
10467
15535
5529
13706
11929
4264
6702
3794
3592
11489
15544
16242
14131
16201
13902
7610
7875
10221
16788
10488
5971
18103
3553
10719
5313
3513
15764
2375
3129
14023
9570
14885
8410
10243
12327
12886
3450
10039
967
6068
12590
5300
16234
13529
12757
15492
8243
17806
4046
11696
3549
1612
1801
8567
12140
241
6257
272
2737
6300
11365
1096
667
9869
2604
14365
11637
13889
1472
1621
10601
17631
702
11944
12475
15491
6374
1208
4876
14570
12501
15579
16095
4802
17916
3919
1581
5743
13976
5785
6088
15806
6704
9955
7580
6453
1847
15457
4890
16823
5387
5630
18075
195
16106
9022
8702
10261
6153
14296
243
3287
10848
8589
10464
314
16854
4569
17517
6631
2112
4431
4596
6808
1193
4841
7849
17440
17609
6881
3342
16022
8315
10744
7342
837
35
6911
10692
18016
12464
12389
7286
17360
2851
6586
9974
17617
4878
91
17025
12198
7708
17038
16795
1553
6938
16450
6735
5575
9411
13391
7687
1422
13430
2445
11413
8635
15948
16060
17220
13291
8730
17183
17954
5726
10282
3675
1412
13390
12800
12086
711
10149
2717
14449
11110
10589
9242
1650
13531
12730
9028
16191
10630
15812
13123
12984
3729
1032
17291
7660
15133
2285
14382
6200
5649
16903
13968
16300
6669
13758
9376
2228
14537
14421
11473
10967
2478
12074
8565
12065
5202
14619
6792
10406
3420
13888
5465
8666
6274
15909
16520
9296
3682
777
10374
16481
1011
892
2027
10041
14418
5920
11645
13704
13553
8919
15914
10606
12953
4791
13124
14198
13280
13463
2608
14327
9341
16186
11066
10625
580
15244
9499
9812
12059
14011
7483
12323
9479
6603
5430
13286
4645
6286
3618
564
17754
12535
1223
14503
11503
2891
10610
1474
3668
16338
16124
3268
16101
4333
17040
3600
2321
12220
2297
12830
15901
1358
9943
8697
11743
4434
5441
313
4094
1874
8670
12376
14111
7069
11970
11851
2995
16504
12561
10484
16956
13037
10119
14225
11124
17896
7707
12093
5595
6228
16729
10819
4651
2626
2788
15750
11308
3758
11059
17503
15982
12703
10256
7662
7804
10623
15698
383
12463
12294
8191
11224
541
14406
466
5272
17274
10565
6095
15905
12290
4085
3965
11156
11668
3016
9358
8308
11197
700
4542
8727
11104
15239
10020
14741
4663
12062
17235
31
14102
16048
14509
4674
9383
15116
10309
4834
9270
9844
7721
10441
3676
17380
13762
10227
10384
17281
16819
13326
17461
4630
9809
14557
8527
4847
15178
12548
2638
16894
4104
10749
6402
9174
9642
5318
1558
8334
572
10122
11307
16868
11272
9073
7382
17432
7912
1489
5038
16908
1035
11796
16849
3371
17620
12070
12211
6853
9711
1984
10575
7747
4535
8162
712
6686
7500
16626
4855
13944
997
3964
1532
8497
5002
15532
5788
13725
10259
8533
3110
6819
7844
12858
16997
95
11007
13394
4508
15772
5634
8717
4361
12607
8793
10656
9461
10669
3557
16804
3477
145
14342
2104
17805
1164
449
12898
15555
13334
1788
17582
10754
4428
205
1640
12122
6769
6489
14624
13372
12408
13024
17472
4608
14350
11227
17969
10037
5263
16477
428
13224
8611
12843
13079
8761
5342
6594
1936
1800
11145
10184
3368
8209
17448
2602
17080
912
10521
14322
6459
2234
15369
2628
12112
10647
8542
17295
15781
14218
12622
1741
14476
10701
16402
17994
1872
81
12581
10830
5346
9758
13723
1379
9742
4193
15979
1275
2421
6929
8586
12863
13363
9993
14280
13264
2187
12924
3449
15411
83
4413
7688
14526
12810
11873
458
5117
11407
2115
2077
12724
2953
7449
11072
12278
17753
15183
5876
10177
10544
13998
1179
3201
1625
1648
8893
13878
11982
13574
10437
14099
2103
14934
6958
17737
4561
14743
5817
17333
698
14415
15154
17600
12835
17382
14735
14249
4225
4060
11071
3715
12688
8563
5598
8564
12089
14862
12684
6637
4329
12173
8630
12785
9163
15496
17697
7853
2300
16620
17506
2396
17898
17200
9113
7422
11438
11306
12300
6913
7279
4349
16543
16347
12726
2173
192
12836
850
12269
7861
11674
13628
15711
6741
220
9367
9710
15158
17742
3642
161
356
7016
1529
15348
658
14086
1031
903
3494
11254
13978
4183
8797
5622
15953
2185
1806
6692
5061
5962
3967
6083
7860
8259
12747
1156
4899
1433
16495
17758
3433
15399
16871
1762
5043
10874
8624
5648
15930
4252
15006
10857
5287
14109
14718
16029
3378
13779
4268
15081
15169
10997
472
15147
7609
5794
11877
17990
9164
3472
1781
9325
6451
16143
5464
17919
11092
3139
10098
18064
1544
9568
1841
2537
17482
17707
6701
5102
13001
10276
451
14426
194
17532
381
3709
1837
2700
14200
15020
461
13718
13750
9319
13208
9969
10223
720
11827
3183
10345
2447
11849
16689
3395
74
15435
4990
8903
15843
488
1168
937
647
5871
8106
6738
571
9902
10590
10556
4128
6093
956
7165
13474
2
2577
7272
5416
17692
13943
15820
5054
5198
11737
4911
15531
15799
2856
7932
11219
4433
66
3949
12993
16342
13299
11008
12609
4736
11925
17203
6209
293
14272
11322
14531
204
5964
7355
17826
17860
1820
1829
13272
15061
9438
16615
9215
17297
4908
5226
4829
10503
4832
5645
5003
2237
9314
113
6836
1969
12392
1706
8050
10044
993
1359
13151
5776
14927
17685
4490
11818
1252
16973
3175
8778
7983
4510
10174
15824
17763
6767
9333
15499
14546
1748
8004
6771
15085
7945
2730
14044
6296
17139
1161
13355
9860
14724
5922
6019
17879
14281
10537
11229
9030
14642
840
16092
2151
14997
9019
7892
2294
9148
574
12090
13719
4935
17987
15322
12153
9292
15769
11593
14269
11976
9644
3924
11848
1180
116
11581
13646
16288
2172
7014
871
15013
15969
15287
10315
16948
3370
3623
3807
11986
11798
9673
12552
6082
17162
14517
10217
17076
17218
8894
15140
11228
10064
3199
13399
785
16535
13311
10027
13428
9753
7685
17236
16859
10350
4254
8746
3545
406
123
14932
1647
13031
7260
12943
5531
8404
1773
3590
10456
13370
1082
5910
11514
4113
16822
118
1049
662
11337
10801
6951
13323
14644
16065
2128
1708
2719
15970
11701
11074
6320
2236
3622
14528
17090
6497
3198
22
17789
1838
12366
14046
6587
6160
3917
16906
9892
7172
9560
8000
2048
14332
5262
11601
16881
12533
13042
5966
15597
9370
2433
4109
5006
12708
8218
3131
15615
9672
3258
14870
2260
11938
11394
13087
15869
2540
7579
14252
3962
496
10192
10540
11951
2740
13043
6343
9634
12264
8508
151
17771
13798
16549
8075
2434
6908
4893
16075
6159
2607
10952
14378
13498
12521
4139
14033
2561
7426
7601
3516
11041
17369
7129
2785
7248
3538
12944
13482
10321
11455
8622
879
3708
3377
3799
3036
12348
4156
15859
2047
15714
12119
17709
1398
12002
13986
15425
12599
3412
5564
10934
14399
8077
1145
17256
5333
13010
10863
75
4179
5337
3507
5075
6757
17394
18072
7922
9701
6417
8514
17917
1264
17492
16638
4331
8544
4808
8121
15977
11128
4465
12786
9177
8474
11871
862
11882
10289
3811
15648
17730
8849
8803
774
17135
12435
7149
10050
16084
13318
15621
12010
11073
17723
12106
1459
12544
15272
1116
2420
3587
5989
7005
15793
12597
12003
15488
12935
4898
5722
10768
15896
17414
15114
900
4978
4946
1387
15779
6495
18024
13967
2210
4572
10407
1470
3283
14030
17298
17601
2067
11266
11716
865
13697
13327
10644
16730
9443
6724
3145
11015
1787
4900
5833
5887
14130
14083
5466
4945
13931
16872
14753
4315
12152
6485
15515
14908
15957
12256
13080
14233
1269
891
13222
4008
14369
18069
15946
12929
10428
15386
12631
4905
12246
8909
8882
7264
9708
14163
16072
13276
2045
13446
15913
16117
12605
14387
15015
14121
1198
10734
8608
17586
3603
9823
17272
8680
12696
16238
3647
3842
9801
15518
6945
16278
7638
15191
16847
9092
453
10569
13395
12247
7140
10513
9756
509
1257
2699
16439
10580
1449
13946
11820
4748
14118
3726
1865
17784
4805
8886
17481
5364
15775
5423
10426
8517
84
2470
15092
6455
10317
15100
18090
15473
11857
5312
2043
10582
13026
17912
2095
10183
401
17649
3424
7761
4809
14948
232
9795
537
7242
7519
8226
3608
17101
7120
17051
6727
12130
11054
15653
9976
2169
1196
12746
1697
12967
10781
12334
6758
708
7988
3781
11615
12796
16654
5073
13880
5167
11016
5944
5658
15043
14402
13894
481
4547
5603
12219
3426
15163
9938
6115
621
4699
7722
12783
5201
1896
13351
11894
15396
6289
289
10025
13270
8913
7291
1897
3646
8109
5027
11866
2733
13682
4614
12574
175
16393
12510
6097
6003
17393
11817
16484
11847
15273
3093
4532
1019
14343
64
15947
1276
5174
310
6902
13248
14340
12019
8285
13223
5692
2448
16533
13564
1579
767
10318
13633
3306
14575
15028
9625
15479
588
17797
14087
14025
13289
17704
2140
14915
11597
11664
5298
10929
10999
15349
7000
15542
17099
10336
4997
10342
2265
16952
4891
3463
17338
13078
7855
6370
10290
16229
12945
9807
9249
16204
9298
1452
3831
224
11310
12925
7044
7017
12316
14049
1098
11046
8303
1922
2133
801
2253
8003
13400
9881
4534
14636
1263
1999
17505
4672
5059
11050
16711
545
309
15051
2044
1170
10658
11959
3107
13693
18065
14180
15671
4722
1943
5699
10297
13175
15717
9502
6373
11134
17510
8262
9849
6418
382
4452
2494
8798
1720
6344
4675
15664
4443
6368
5891
5349
10771
6181
11236
7652
11215
9352
12421
3032
14288
10022
5997
5014
3523
9828
15118
13909
7384
491
17534
14876
655
408
7052
12855
11326
16285
5178
15144
7145
10266
13243
3908
5549
10232
870
16344
17488
1997
960
6818
6825
14352
3598
14107
3803
13167
2745
7800
4211
15054
13342
17421
14435
4977
13842
15300
16485
14469
223
17911
17820
15422
11790
3006
9288
16241
1135
5694
14126
12689
13604
16361
13337
6522
922
7919
14388
376
7104
11416
2984
4449
17507
7957
9167
1636
9842
7846
1567
18076
11450
11651
9497
4803
9847
6013
14257
11706
7961
16071
15811
12120
9724
9080
2971
6985
12680
16558
14938
8629
6826
12486
16311
1368
7228
16565
7754
3653
12075
9903
5000
17110
11903
6395
7690
13930
12964
10136
5748
16839
4463
15804
6630
12532
9602
16518
4595
12727
1845
8556
4056
799
7581
4703
3961
1270
696
1418
10206
8400
12139
731
4896
14430
6126
15325
16710
2419
16367
1394
16094
13236
15732
10802
1909
12621
17131
6877
5839
7927
15188
2192
2463
6377
10520
3580
15724
1931
15622
13613
5863
12004
12558
10157
15620
2575
16301
17513
8852
4297
713
14659
9295
11329
15041
14967
3571
5732
4662
1719
5016
17909
16483
17331
11283
9705
2458
9715
5208
1431
3243
1939
5024
10619
1772
13478
12508
4678
2274
4623
10855
15963
1522
12169
7459
1881
11404
3730
13183
13356
2132
844
10769
335
10920
11065
18044
1908
15362
14077
52
15879
3081
6284
4230
9482
8084
15624
9751
11195
16091
17658
15482
7852
10592
2598
15972
2257
2130
4792
14029
6276
7989
14457
12369
14035
10322
12243
11098
13113
1831
5409
11825
8617
6615
4055
10627
13424
9702
968
10395
17053
17766
9489
14276
8901
1040
8700
9873
9779
15083
17146
6389
1605
16606
3413
16051
10916
4500
12035
16500
2524
8411
16802
15784
846
3242
5780
17368
17376
16493
63
1147
14081
5870
6770
3954
9517
3262
17468
16591
15703
12847
15742
13496
15919
14054
13082
10704
13359
13025
12904
10867
2781
166
5326
17588
12529
8978
1175
16934
4153
13674
16650
12499
9203
11160
2313
1149
16248
17810
15663
10310
14182
4116
11529
16055
13984
9855
8456
11917
3160
11400
4982
12226
1172
17592
14577
10506
17997
14617
12053
16080
17651
11344
2403
3718
11171
12541
7111
16733
17372
16688
16843
15198
12012
953
2345
4963
7867
18061
11631
58
11382
15553
15616
14151
16603
6626
15708
13523
12043
10925
13104
8242
14901
11293
17618
4218
4432
16331
980
9155
7930
1225
7859
18060
433
3530
12978
9510
7222
4031
10577
4038
4697
16605
7353
838
8128
6714
7508
7416
244
18056
15460
4590
7496
10615
11223
10386
4691
3816
1863
10202
5307
12374
7219
6260
15643
8695
18041
5071
7287
17870
5188
11211
8282
4295
11274
5604
11101
10469
3615
4759
11287
730
233
14717
15039
7845
3031
3054
8183
8423
4670
16218
17976
9734
9278
6293
11222
7882
1192
16270
5518
5114
3320
10875
11212
7231
1500
12840
11750
13141
3910
636
14882
16424
1583
11930
11241
9395
16099
5715
13045
3719
13052
17599
2476
9936
9667
17524
10780
7406
14059
5032
10421
16476
16041
13626
12088
829
7082
12007
7101
10679
12765
8638
17312
418
11313
16651
1388
17690
17366
9677
17478
14188
17961
16108
5834
4140
5553
17528
14772
14145
15012
3745
11493
13827
4934
17438
10139
13515
3151
24
15240
15964
8715
15574
4571
15706
3992
3971
13103
15931
2428
15912
3487
13621
13452
1974
3764
10480
16539
705
2843
2707
16119
12100
16171
16287
12307
9688
15500
6661
13691
10893
13483
12596
9281
62
14374
13945
16325
5931
13219
15189
11846
8093
18063
6638
497
2373
17641
13731
4962
11233
10248
16781
17931
7059
7013
16755
13892
8576
13995
11205
17449
8253
16253
8299
10871
11347
17714
15748
8120
15939
487
13700
12045
2415
7801
5606
13866
13034
17400
1268
211
2514
12595
7376
12565
6636
12209
10864
11782
4695
16430
14392
3293
17370
9
5028
946
10852
12792
6777
17356
12148
6171
16223
10015
14657
7920
13590
10759
17495
10367
8127
9267
13471
12823
2081
4231
5703
11567
6482
10640
11898
11257
8986
12768
9730
10584
15372
10743
5089
15613
10932
2842
14348
12185
11434
15127
459
15911
10412
14146
5386
961
10965
15850
4394
10430
10203
4966
12444
4677
12490
15728
6442
480
8446
14419
11226
17428
17364
17088
8408
10253
5182
14434
10242
12311
611
12668
11909
5624
12557
5787
17967
13983
17796
3743
1790
13520
17868
8881
13846
10173
8946
5468
15880
5772
16996
16127
6619
7879
13867
16704
13988
17646
584
6180
14074
267
7548
4017
762
15906
11348
2618
5151
15813
3506
7019
2194
15025
5492
1572
11118
1821
4307
11570
1992
4154
10962
14734
2034
10155
9621
4717
12598
16294
12628
8555
17496
9886
16370
10972
15881
11081
17390
17843
16435
3944
1957
15410
10478
15923
525
8963
13357
6198
15992
4414
16828
1064
11795
12118
11683
14750
4086
2242
11300
8653
17808
13442
12478
13560
8873
12181
7533
14500
12183
8799
9015
11654
17065
9857
17243
2835
13336
10387
6942
1074
9876
10688
8416
1300
14238
10790
1994
6696
12429
16666
10042
367
9815
13602
15270
13306
14069
12851
10163
9965
16913
5012
1626
18104
14774
4390
12803
318
2065
2859
913
15026
10201
2886
3645
17219
14694
17073
12776
784
16222
12178
155
14338
8401
17779
16110
7350
6218
5932
5677
4199
4563
8392
3948
5820
430
17807
9800
2477
12511
3127
3154
8258
2427
16598
1151
16764
16640
8865
1117
14085
1535
11572
15803
5821
5053
13715
16732
818
16501
3815
11372
14022
1642
9698
3067
10796
10538
11123
11263
495
17071
16641
7726
14155
16441
11484
14942
10498
11103
1721
9748
12962
1081
17180
9664
9301
11126
911
15059
3702
7091
14412
16540
11424
8613
3240
12248
5768
11097
12990
2012
500
9861
9624
16461
16611
12471
10585
13005
2767
10976
3018
15996
11035
4030
7271
417
14267
6989
12592
100
9723
5713
16088
5336
14695
12129
714
13426
14760
5842
12750
17425
12876
11403
13822
9467
9498
6725
2903
1767
11481
14334
9391
10312
10450
15312
7191
11214
13677
17069
12743
10182
3434
12938
11587
5799
15892
3716
3540
5029
10588
5933
15060
11094
1725
17550
273
4648
10187
1898
16612
5357
11288
3533
10518
8113
14037
5804
4797
16053
7937
6390
15289
16614
4538
4455
16557
16155
14323
1736
13048
420
10542
10694
15681
6706
749
13821
14165
5943
13596
5601
10859
3188
12841
16883
963
10052
1966
17462
17921
1423
7099
16434
13823
11053
5568
12777
15339
5220
12798
14398
15448
16473
11020
9102
11135
7098
12258
15370
15086
1036
4488
16686
16343
8871
10073
7131
3311
5155
15072
7107
4753
1295
16131
9939
5154
3345
16085
12739
15252
10598
15472
18007
10349
11133
17379
7693
10033
11230
14721
4815
7676
7736
4784
14062
14407
11075
9898
7315
6995
13835
10193
6302
10733
6272
9953
15550
10369
10561
2072
1471
287
11699
827
16685
13870
11444
9227
1173
13347
12363
5210
18011
12172
17689
11665
13901
2264
6259
13187
7674
14896
7981
15571
10303
9557
13914
11328
7834
16066
2544
15644
13197
11142
468
7471
6739
3983
15498
13724
3547
10474
6900
17201
828
823
13397
9928
10882
2503
13131
18087
10787
1972
12673
6664
12685
10829
5362
16782
10846
18046
9175
15938
12781
15303
1176
16993
819
3631
9157
4165
14798
10341
235
618
2002
9037
2993
6934
15236
17371
6246
5955
16694
896
12873
11838
14655
13557
10845
10433
2596
9123
12218
14474
10489
14229
5456
14265
5247
3056
12641
14375
9901
13760
5924
14576
3
13117
2975
1436
13538
11715
11556
12440
3969
11830
11479
15390
615
12645
9687
5845
5827
9145
17693
11113
11174
1542
12813
13230
11698
10629
10390
14376
11653
6240
7313
14693
2304
12838
16644
10995
8461
10308
10294
2383
12844
17597
2391
5121
2830
13472
5510
10423
13836
2105
10772
9767
3753
10235
16918
288
1354
10368
16866
17454
10212
9611
6486
82
7174
13716
2055
12315
16291
12758
16156
15962
9321
13802
8974
9322
15733
2278
9218
15559
6845
6595
9591
3858
2529
12134
8100
6383
2462
12052
12350
2988
13051
8930
2291
13642
11169
10089
12733
17996
15593
4469
3616
12551
12837
6759
8669
1756
11282
13673
3899
8600
11069
4564
16153
15920
2062
15745
8757
13485
12113
14266
13290
5094
13086
3835
12828
8915
17284
6948
1914
12717
13612
12998
3224
7643
2552
8603
12161
12678
7672
8312
6027
1576
10798
9328
17054
11139
9224
13444
7583
14715
2779
5135
2096
11558
12283
4936
15099
13609
15419
13671
14195
10649
5723
15436
12519
17474
11973
11538
2645
17959
16103
761
11768
17615
14539
11082
6506
13022
12313
15562
274
863
9718
3968
12378
16054
9887
16809
13922
3200
8752
8668
8628
14795
15243
13887
877
18070
11507
5064
448
7247
802
8619
6382
7176
2121
11052
16442
5771
4950
11778
5507
17907
12133
16969
7040
17668
8938
13134
11992
14154
14631
11613
703
17034
15346
13856
1183
3883
12656
5413
5133
13837
6477
17516
955
8705
3214
10060
3117
3772
10566
10265
11833
5153
5355
13057
6298
3930
12428
7564
6263
16192
11781
5082
11511
1971
14396
13062
2757
61
12527
17521
10295
11689
3889
16138
12036
14933
17512
14609
13460
10047
16298
15729
1556
2581
14522
12143
77
14923
15765
17494
14656
11759
17630
6519
16865
14658
6846
10887
834
9838
13304
11940
8566
14769
13358
5017
5554
3239
7836
12474
13314
752
9619
13283
5045
14202
17036
8048
3846
733
10383
13067
17928
9709
17977
15549
16144
15177
17607
8703
15552
4423
11828
14805
9930
11575
6475
14271
7452
15960
5374
977
4164
9133
11136
5250
6015
14291
10818
1606
14326
8861
13738
12484
13152
10422
12076
9572
1442
12057
9347
14183
16422
17374
5714
2989
10197
17726
4976
15031
12763
4358
5460
2542
14308
13324
11893
303
10214
2671
6010
1266
776
15338
11804
4149
5021
7947
10032
14150
17072
16707
8828
14751
17621
10105
11006
8227
10459
11953
3340
8245
5424
13271
6028
13170
12669
11729
9950
4504
4033
12896
469
8212
826
6588
856
15058
2765
398
5784
11814
13388
9986
748
16939
9736
11559
4711
15276
1336
1988
9729
17321
6542
3934
1571
6605
13928
17486
2019
8706
12893
7992
11017
10001
15865
16444
12591
3254
5206
12718
14496
3661
10616
7839
10702
15160
11176
4949
17258
10727
16718
11206
10446
4725
2922
786
8523
10677
2483
17745
15073
13085
13734
5048
4986
11216
14345
3802
18058
11520
16691
14143
11504
3950
947
16421
9463
3989
5109
16401
17922
12797
11253
16583
7727
12770
5056
2789
14903
4807
18006
14475
4194
12355
15660
2159
12340
14045
16268
13153
4114
4444
3038
15084
11341
1570
5119
12073
11166
5972
3245
13322
11275
6152
15652
9781
13180
17500
11874
3314
8627
16397
16141
10327
14201
8931
14495
9959
14103
120
11609
3589
17410
5011
10381
11371
11390
1915
11523
9033
5974
755
9891
15071
7851
15934
16215
12332
9910
4044
9084
3515
2763
2702
16058
17750
17255
15588
12158
13942
11213
13225
1107
10695
17595
8105
11412
10220
15199
12126
14581
4929
17444
16648
2822
8244
4811
13368
16697
17827
3325
887
4422
9725
366
17498
17329
25
16438
15602
3544
11271
3887
10069
16722
1963
9762
17077
16646
10579
7443
883
12613
11860
13164
13991
12136
10602
12502
14239
10436
8784
15904
15175
11667
3083
14226
1001
6633
275
17384
852
15942
1202
15522
8467
14274
11859
11399
13147
13840
9647
8618
18068
5818
16945
10767
16750
6849
10293
7335
14558
10546
16877
573
4339
10067
6813
10216
17645
6040
7366
15509
10951
11868
14930
11192
14582
5727
13616
17447
7599
16944
6303
13527
11725
12780
11158
16532
14878
11152
771
10432
14255
13965
13146
13325
15583
13296
11621
14924
4173
14110
12738
9555
9988
6628
16274
9282
10899
17683
14320
16740
16116
10813
5057
14759
15379
17375
10245
17023
10076
2597
3097
14273
9354
8874
1568
12637
17819
16389
4980
4019
10905
473
982
16880
10573
13393
11549
9294
14186
14391
16425
16701
13600
2919
16845
10093
14309
16821
17717
8252
15577
17227
17253
10335
1639
13555
13690
5402
5125
6880
16498
13803
17030
13404
16042
10410
16526
99
3648
16315
10703
15161
276
15839
12342
15687
197
10190
10902
1609
16040
14172
7938
16560
3017
5221
16064
6789
415
9905
7953
13155
2014
17100
1689
10125
14691
14485
12903
3166
10169
14645
15785
701
13209
2635
9961
11751
2389
10424
12079
17525
17590
10547
15899
13970
13809
15870
231
12754
12748
16517
15274
16214
10252
16726
14499
11985
10672
17749
10596
15113
226
14317
13874
16915
14479
13435
13212
17584
4591
10980
16490
13415
10000
10482
9274
17293
1199
12182
16989
15634
13320
12882
2502
7792
7751
8620
12820
7451
10363
17064
1099
6319
16392
16231
12271
10079
13429
14564
10215
5948
6147
11144
11879
11183
17984
886
5769
7563
10828
13843
14880
2723
17821
17696
3456
10189
3654
7018
17063
11102
17986
13510
17324
14007
14661
11619
13436
6121
12973
11700
14757
9656
10005
252
6203
14003
9490
16150
17576
2997
16541
16177
4892
14166
16796
9108
15359
11269
16395
8859
11552
213
9046
11428
2325
6494
1543
13939
14799
16243
5992
15101
1424
8412
6894
7968
7063
2631
3898
10195
15290
11623
14507
14071
17629
13420
14678
6008
3991
13709
11755
10675
12769
6899
14313
5126
4346
10850
10260
15594
6996
3034
11150
2646
5576
11432
650
14633
17485
10782
9658
17659
13819
11051
10264
8769
10788
13547
11870
14610
11430
3853
18067
12928
13038
10491
13063
2807
14714
10083
8362
16045
16907
4475
11148
729
6843
13072
5700
11122
9810
13379
12312
5025
14117
9867
10738
5790
15354
14779
12871
15097
14869
17289
3339
10706
148
9353
15078
11505
17311
8808
14215
14572
3502
8344
14605
6791
7658
5594
13130
17823
7465
12934
9696
7076
16068
13302
14944
11584
1128
432
15108
954
13629
11506
14928
7903
3486
10121
10224
10199
13295
9983
13505
16986
1663
3290
5146
5928
16276
15121
12682
10475
15565
2918
5425
3246
17603
8241
380
8581
12827
13919
15575
17705
16824
12030
12202
15153
9586
2833
5706
11301
532
12265
15747
3982
405
17442
10196
7175
17480
14555
1991
17585
13285
10869
1975
5923
10055
534
16682
34
13635
14776
16087
14211
2532
13536
16151
13994
1814
9850
2054
5969
1891
11437
3959
1817
2815
11083
15203
14359
5063
11003
1998
11541
10532
1211
8543
12947
14116
14129
9843
2925
13297
16404
11594
7613
16692
8579
6004
12817
15358
7075
17412
10941
6888
14420
4904
13714
14604
17556
11107
15614
11363
179
455
10684
13811
14082
15450
4624
16385
6621
5544
10204
12448
9899
12639
12588
8204
8296
1126
17402
14132
2122
547
3220
5218
9947
6804
11845
10740
3197
4726
13059
15469
14321
16081
16073
15657
11062
12543
16296
13217
17335
12691
9309
4944
4121
11610
10717
15176
16409
10147
10992
5251
13670
3539
15318
4586
13185
14362
15415
11027
8857
8168
16251
14204
915
8499
7923
11264
17323
17728
8920
10890
13755
11435
492
11063
15494
9071
17484
13969
15860
5410
12213
3707
10194
8074
1977
1106
16216
9049
13206
14279
11577
13308
13756
11298
2263
8716
14726
7541
15716
12372
16198
1526
16589
16767
15439
6492
17762
16858
8195
3027
15949
5653
12230
11084
15608
16582
3985
11239
4888
14416
15512
9722
732
3937
6348
1465
9266
10233
14560
12660
3769
13572
17044
8339
13847
10148
13417
15543
8826
12666
12177
10505
8763
15693
1547
13300
9187
4676
9784
14508
12393
14879
14004
10104
5961
13405
14755
10826
7975
6787
16406
17949
6582
9765
16031
10851
8720
8733
16727
11238
16899
13915
13121
13030
4941
12115
16449
13608
5258
14157
10348
16266
15730
5757
17943
10043
248
9808
13480
16739
38
10763
12819
6699
14670
15976
2467
3946
9299
7843
17107
1749
6861
12589
6539
15566
11258
15418
8440
10715
15202
6124
11295
3346
4342
15452
6279
3308
14064
9760
13488
10053
11589
12674
1396
15428
15746
11840
3915
710
7970
13411
1305
1435
1083
4842
15264
9118
13172
9911
11890
10106
14080
11024
2329
14034
14075
4062
17995
15134
1093
15443
3996
13237
13525
10133
8647
16736
3591
11911
11853
849
7367
17497
17798
14889
14324
13137
17982
12154
10778
12037
13872
11355
17285
15138
4368
12449
10950
17048
18082
13241
10209
10362
8794
5495
17817
4773
6471
13481
14139
13607
17342
13044
11240
17869
6869
12292
14875
14389
7755
10352
9191
4209
17245
12577
11526
2585
10078
12189
13511
15330
10844
4948
14501
8539
8424
4005
4052
10825
1311
16863
11040
11267
16879
8599
3620
9237
6098
3844
13506
12568
12564
10226
12467
17508
935
11533
14737
17419
16250
4411
11543
17409
12441
16602
14888
10091
15437
2818
14248
10094
16491
2614
10732
3630
7543
16174
8949
9926
3700
9858
128
4014
6116
15018
15827
16609
11362
14940
14663
10942
12233
2649
867
17286
4202
7691
14906
14021
15567
10077
9694
15215
12273
8825
11691
17091
17539
3891
5241
14105
14480
8363
6233
13805
280
17848
5373
16448
2512
6428
16954
4993
2301
15883
13974
5590
13090
10880
285
12146
4018
17059
17434
15471
13331
11225
4530
10666
10246
15967
15047
16869
948
7885
14550
17712
13973
6890
10438
5023
16935
15908
10134
17159
10108
2780
10956
11325
10659
9153
8609
7083
13710
17520
14686
16995
9263
10866
2633
15432
4529
2802
12303
1566
9981
364
13533
16862
14339
11265
11896
16850
13457
14538
10648
9162
2468
17028
17731
15768
13966
12163
11061
15907
11252
4299
11262
9539
15180
6928
11077
16917
12137
4853
12670
12949
16765
2634
6277
14667
1201
10508
11045
15983
3170
4372
13198
9161
12700
17325
14278
499
9392
12728
8607
4176
5019
11775
407
10599
14768
12056
282
14052
1982
13494
5005
3673
17639
10036
13548
12241
9833
6723
10931
15416
16679
6715
10258
1057
14152
11836
10872
13221
14148
15554
16706
15117
15759
13369
13462
5120
13466
10693
16027
2950
10897
9978
16255
14720
14040
10451
10414
13364
4988
5113
17000
15801
15008
5356
11692
16184
13679
2332
17086
10517
11037
5137
115
3663
6842
13951
16419
170
11906
15780
17613
11628
14689
15561
12284
7403
2438
1693
4611
16145
15751
13095
11679
9359
1584
13545
5728
16967
11524
13975
14945
14488
1610
12187
10991
2832
13468
16715
15954
13661
11250
12386
17527
16356
15945
8660
15046
16657
2951
3593
14462
8914
13814
10496
5565
16282
12362
12939
17735
9934
11056
13764
4095
1873
10095
14212
16684
13487
16725
4448
11379
17459
14758
11129
715
1024
16874
15206
17032
15670
15441
15501
5095
1964
2501
14187
9824
6029
3655
15673
3841
17457
14286
7
16339
2637
16584
12742
18009
15478
14590
10786
10086
10927
7955
17929
14450
16130
16038
9925
13419
12105
17039
15146
5285
12505
13126
9337
16976
727
12302
983
16838
12359
13105
15762
2550
12852
17799
15048
13047
11033
12405
17514
12946
16428
17388
14738
16599
4
12878
17942
6404
3168
13361
11573
16052
9653
12084
10402
9573
13263
14505
17354
11810
13267
13522
10213
2293
13910
1408
10858
10364
5276
4078
15666
17260
17794
15924
14620
17991
13689
14002
4313
13060
9841
12504
12805
2961
6562
16398
12506
15796
12186
10284
14708
5458
16272
17436
378
10777
13282
4795
15487
9396
10724
18035
7692
10038
15373
7066
16766
2738
728
10958
15195
8079
16836
10070
6476
1110
13215
1360
14552
4075
9131
1482
384
8359
8928
8052
13651
14891
15710
9837
15069
17029
13766
17396
4417
13636
10718
10528
1690
13450
13402
12833
1333
9541
10620
12749
12767
11885
13161
5112
14060
10323
17515
3911
8665
15922
7277
7276
9852
9957
12923
18080
17004
18085
4430
17761
14886
16509
18071
15548
10628
15649
14401
10668
13371
15328
13279
17815
10049
4119
14640
3984
18003
17012
3735
17174
8771
15296
12339
9894
13213
2506
5257
11803
15361
8335
17337
6125
7438
13401
11116
6712
6653
4700
14771
14919
13032
13266
10722
14358
7479
15569
13128
16817
12658
7136
13751
386
12650
14897
3070
11656
13011
11547
10930
11555
15232
9047
17483
17407
11060
12764
14232
10792
4427
13868
9970
6592
14282
11261
3443
5310
7327
15228
3909
6547
6697
3683
10510
10700
6800
11695
13232
15530
2178
2402
13214
15278
15517
14337
13456
4887
10564
2454
16799
15918
10396
12385
16431
778
12171
10906
14662
10090
17918
12697
14315
17244
5022
17424
1109
15676
869
10442
9759
575
2808
15238
13231
15468
10237
8625
12648
7857
14209
1014
79
14168
994
17644
2134
10404
3872
16307
8418
10797
10444
12627
13479
111
11519
13273
12919
9835
13459
15050
10807
10103
15433
10681
457
13489
15897
3701
17948
6681
15497
17854
11458
1453
10319
10541
11175
10170
14719
7203
12305
16663
13298
11425
10527
15727
1345
1954
15557
2611
12692
13195
11178
12060
640
1326
2809
13139
10665
1892
8962
4501
10116
4933
10277
1158
10680
10512
13065
4000
11557
16169
17589
12496
5358
12927
10117
2021
10298
4761
9946
8421
16078
9024
12358
9732
14156
13020
1848
14410
8541
14133
10970
17450
6106
4012
9893
7689
14448
11445
2530
13268
3892
1112
6952
14217
3380
15311
7574
15260
11013
11786
5737
12811
7077
17793
11460
13644
5605
4210
11693
11004
15324
10382
11314
13742
12653
10415
16407
8483
9870
16376
10062
14394
4679
5803
16861
9909
1608
12346
181
6585
6007
16830
15560
13431
6645
15408
13838
15297
14887
1334
10162
17687
7874
13937
11086
1409
5212
14159
9457
11513
9129
17839
898
254
808
5248
13765
12672
11032
10817
10614
168
12829
2534
16423
6394
17738
4348
10876
4136
17971
9927
4585
15235
16681
13274
9989
12987
14549
10560
10140
16632
7037
7074
11162
13376
5040
8492
11120
7642
11234
787
2600
16170
16554
9731
14256
16940
2515
17287
494
12274
759
12403
17385
13354
5786
10135
13549
16295
2783
1877
10983
14748
6700
2037
10154
6127
12454
6949
13396
16624
10166
11819
12229
15709
1483
13071
14534
16363
14079
10175
2636
9908
8451
12922
13606
14742
12954
13182
12418
122
12406
14561
3546
85
17383
17467
14754
6234
13517
16923
17743
13074
13125
14466
2177
10114
3072
14331
14208
14498
17989
16086
10161
16563
15916
4647
11783
11516
12479
11733
15483
10330
14926
5759
3548
10071
3763
16440
876
5345
613
17920
17490
16185
13007
2056
11203
11517
14349
14310
15586
17378
10021
16593
17739
15350
12295
15037
16024
14874
17332
10904
16698
13936
11173
17469
7023
11375
16658
9977
9929
14632
1111
15842
7238
2484
12884
10685
11673
14603
16132
11078
13288
4930
15882
12633
13081
11461
12546
5087
6491
15363
16857
10961
14660
15068
15381
16592
904
16357
13701
17170
15126
17509
10966
11209
15928
10151
11574
13235
6832
4584
253
10949
9882
6561
9877
2507
13627
4923
17564
13252
7835
9209
15685
14745
4724
16848
2924
13746
3788
16358
14471
11508
10200
17215
11047
3483
14725
10894
1165
517
13227
10811
13069
6304
10234
13328
1416
868
2538
1691
17700
16699
10926
14073
2629
16596
14591
899
1166
12097
3384
15374
18055
7158
17037
16832
12268
15263
15192
16825
10164
11418
16999
12044
17451
10789
16061
5577
7752
12373
17423
15610
13828
9875
7096
16415
13292
10205
15822
4309
212
9994
2610
16299
9790
13825
716
17614
13519
16585
10982
394
17670
12571
17264
2555
12755
13477
2619
10493
8970
16466
2927
4517
12456
16190
1364
10210
12981
3053
10650
1616
12107
13332
1627
4277
4336
11157
16047
5050
2153
11149
2630
16528
15891
12695
9269
2609
12794
13184
13148
9217
4533
3073
14039
13211
17718
5900
17706
5744
15771
16742
11218
17580
9007
14493
5083
17301
15380
16834
5993
6421
5811
108
14730
10306
16093
2499
10331
10775
10236
15193
10145
4392
13049
12779
14939
5026
13464
16714
4926
13233
5742
7364
7362
16629
17575
12250
14628
11064
8659
5203
10918
11401
14381
10138
9794
11207
11749
16279
1347
17803
17282
12575
11724
7173
17741
2987
669
11111
17548
15480
15902
17747
10861
9300
15603
15486
17277
5039
5801
13110
17501
12845
12387
15991
17296
17353
1144
15829
17362
16844
12482
10936
4528
1816
17824
10581
12111
17684
15665
7889
11563
3248
15720
9707
14424
16985
10449
3445
16349
17958
920
2410
14057
12360
14038
11090
11571
11049
9840
6464
10529
10711
11813
10634
107
15427
15587
12227
14048
15578
11763
6112
661
3776
9816
13761
13177
18059
17672
5717
4790
15125
5419
9884
12559
13669
11002
15461
5739
13345
13156
9836
15088
13895
12078
17471
16960
16394
12364
15749
17732
5004
12395
3431
17431
18045
13794
16063
12986
17612
2500
16784
13920
17665
16226
5688
17006
17084
5236
14245
2154
8324
10211
18053
13312
14699
11194
16818
17491
15310
6278
18079
12936
14892
9874
10066
11792
916
4037
18078
567
8426
15431
10167
11579
14026
10996
18008
10670
10160
1521
16478
5937
12606
17983
15258
8268
10118
11132
11901
13694
15650
14641
12842
13202
14685
17518
17581
10612
1282
5098
7258
10123
15246
14592
12345
9878
14453
17304
12926
2720
13240
8836
15082
10919
15010
13977
15283
11147
10009
17640
15538
12550
10152
13145
13220
14328
16230
14646
17655
15241
8062
14292
7068
15701
234
10165
17756
10499
17265
14554
11536
12114
10084
798
10010
9697
15526
12326
12941
14108
10933
12880
4068
15951
13408
1530
13501
16348
11878
13605
11895
15344
11099
7266
10988
10562
2613
17802
12952
4489
12266
3132
16810
14616
10113
12514
17068
12832
1236
17533
11530
3068
5462
8449
5077
14104
17279
12664
11935
17818
16708
12545
17326
15347
4937
15329
14905
15581
14536
12099
5934
13033
16705
13199
15001
17283
12848
13851
16237
17759
5009
13810
4262
15316
8478
16327
5917
14761
15426
10889
13305
11246
9323
14871
893
5070
7911
10291
13686
4145
5494
18049
2520
8343
2624
13470
14881
10302
9997
15245
12760
14553
13200
13863
12853
13204
9211
16018
12279
10150
14529
12201
13262
16019
9982
16687
12357
0
4441
17656
15357
12825
15629
12388
15999
16723
14258
13982
14230
