6058
4652
2900
4425
2977
8921
7757
6571
4442
2089
7522
268
1141
1901
4544
5453
6863
2727
2873
3273
6118
3550
2844
2150
816
9194
3669
199
5560
10
7468
4889
9384
1078
9244
6870
158
3467
2712
4539
4205
5828
3804
4524
3527
4382
2227
4506
3156
3894
2734
9021
8387
7324
6527
5665
7114
92
4598
2189
3795
9432
1549
2030
5365
1702
7695
6924
4587
9550
5522
5148
8569
7715
5140
6020
2774
3693
2330
7154
4553
6177
445
7868
8220
129
8080
972
1350
387
6616
2696
4195
4684
8064
505
2790
9629
5807
2288
7741
9507
9577
8734
1425
245
8809
2280
5938
4097
9452
5380
2760
8632
1066
1684
2853
3453
2665
3048
7830
8979
3978
6299
3407
9208
5709
2824
1979
7895
7793
1401
8213
2946
9038
4105
9275
6385
30
9169
3819
6608
2049
40
399
6550
4715
9317
622
9124
6042
215
7268
1123
4337
5328
2834
3374
5548
1794
5242
7053
8991
7209
1279
1590
7233
5265
462
4871
4482
6847
3624
3023
5427
7060
9258
6468
1694
3102
2799
7723
1087
6935
4325
9009
3958
3783
7615
6810
2135
290
4009
340
3427
4515
923
3869
2267
8188
3656
4692
5339
3078
2180
4636
6753
3541
5277
7669
104
5617
4918
7071
8356
5572
7510
8101
76
6281
8206
5392
9348
2864
1203
3731
4311
9302
2307
349
1361
8248
8237
3498
7840
7086
207
642
5213
2111
19
2074
6649
8364
1020
9051
1958
8397
8228
1026
4023
3765
7243
5222
1822
7571
7216
6090
3146
3479
8971
3510
6100
228
4353
3703
9400
1372
6515
1644
9158
1751
138
5877
3280
305
7200
6414
1231
5230
5814
6854
1383
6051
1561
4039
4157
1776
589
8196
1328
1006
6536
6398
3987
236
1508
3446
9180
6236
5304
538
3582
9593
770
2125
8005
8662
8327
8557
1296
1220
8650
812
9149
484
6084
2196
6708
8429
6773
3386
8712
5193
8536
5925
5901
8621
3348
5314
717
2954
6821
7924
9103
556
9232
4707
8158
2040
1674
8264
7876
9607
1599
7454
1417
1538
600
5157
2681
6581
6658
3356
3712
7002
3013
5170
9494
1573
2878
789
6728
8908
565
4643
6687
3060
3560
3300
8950
7167
7397
4800
1802
3610
830
8276
1438
7941
6677
2921
7746
8171
4079
5696
5852
2168
5654
1258
6192
4141
8254
6139
4749
3114
6265
6883
707
6931
1727
3417
5734
6718
1485
5583
8452
9564
7534
9660
7261
6640
9066
8146
4219
3905
5291
7439
8090
7128
421
1271
6797
1842
7377
8054
4632
358
8772
8501
3190
996
6423
7407
6478
5994
1628
6407
3261
2320
2259
7431
4737
5795
2892
3677
3572
8898
4521
1041
3086
5489
8939
4912
3649
5469
9415
4862
8138
3939
5348
7997
7254
2214
8489
1858
5777
4168
436
2967
8838
5440
3748
6558
8932
319
6445
4846
779
6323
112
3921
4492
1339
6903
1320
8070
9141
3397
172
9475
6563
4573
734
7304
5418
2006
895
751
2909
6742
4628
880
8820
8545
9219
4812
5956
633
5404
6543
672
1100
577
3203
907
55
1658
7964
1893
4728
6783
9683
6273
4612
5680
4255
8959
7079
7314
2238
4418
4240
9518
1184
7490
7178
6972
6971
10470
3179
6361
2100
2930
7336
7188
7810
373
957
4063
1159
9075
3238
6242
3329
5764
5642
8405
3876
4284
7092
7905
7811
7654
8044
3134
7544
4047
4180
1926
3231
4498
1711
6128
9535
7681
7280
1868
9372
859
4680
7372
18094
841
2689
1113
256
6829
5914
3855
8415
1617
8674
14566
6290
2810
6891
513
6461
9074
13640
7555
5893
697
330
5591
9289
15529
7605
2753
7294
7634
7730
14438
8365
7161
6498
1495
13377
2589
5608
2413
11294
5980
9360
2704
6764
9789
2247
8582
8590
9089
820
6438
4402
15887
6253
4549
2205
9648
17540
13656
14625
5504
691
13385
6959
4122
4822
5252
15815
475
16630
4123
14777
3836
6193
643
69
1244
14514
7417
11779
8897
13247
15196
13410
3722
7475
14796
4775
16811
14969
15884
1455
14346
4830
4080
15213
11678
13015
9114
2407
1160
4901
4668
14162
12883
12961
4499
16760
13191
2397
8328
16451
4606
14293
16303
7794
14600
7592
16102
4838
13729
16202
13244
2422
15630
14962
2429
13741
16306
14511
14484
15520
13737
5259
1885
5428
13162
13532
16637
9078
4403
17348
186
13412
4755
3766
16631
17554
2536
16579
13938
984
10057
15162
6448
16133
17158
566
16463
10908
2606
11179
15216
4440
8992
14597
9104
14651
17774
4024
4220
15074
16314
14782
17937
14681
14584
14569
13414
14194
13188
17427
16445
15669
13650
13261
4932
12620
13166
14781
15736
14639
15696
14797
14873
15688
17560
9416
14955
16597
13251
15391
16570
14793
17604
14785
5324
17834
14653
12520
5231
1027
4968
13780
12971
9085
14395
16023
13447
12491
12816
13096
2639
14740
12914
14190
15740
12361
9971
790
6043
4338
14446
7511
8891
5981
14179
15641
12539
8655
14545
17537
14483
6474
12714
5066
13381
15712
1053
17837
12615
13739
6650
13653
15995
3632
13736
16581
14184
5488
16310
11949
16627
12384
2338
13663
17309
16564
15636
14763
17268
17829
14120
12409
6641
8546
15395
3573
842
15218
14612
17359
7398
2440
17126
18097
14790
1752
10016
12257
16665
13375
13258
16020
13163
2968
13256
1519
8367
7572
16199
4958
13730
16905
13387
5894
9236
14563
15525
13335
6197
6111
16323
17270
14119
15210
7241
17788
16111
10804
17939
13648
1959
12277
10416
14668
15173
3599
3880
5292
5031
12515
4548
17197
16436
17352
13727
15364
13652
11958
3784
13534
12958
15355
13189
10325
14442
14302
15694
16566
1728
14516
14666
8552
14895
13278
10218
7518
6609
4397
2664
17303
15371
14965
16643
15691
14301
13149
2354
15309
16105
14623
2400
4972
16263
16205
3678
17082
3866
3061
8675
14428
12328
18098
10087
12167
14076
14775
15940
17769
11346
14372
12008
4768
14158
18032
7696
13157
7682
17276
17024
2910
16178
14968
16888
8490
14012
8818
16984
9010
8583
15633
13935
12616
13249
18089
7501
2464
16639
6678
16623
18096
18010
5074
13017
2007
11648
13941
13657
15407
16576
2690
13772
3402
14444
14333
17845
16634
12807
7360
17786
817
10413
18017
4631
7491
15313
2583
1919
15626
14160
8960
13610
13449
12611
70
16118
7162
2580
15744
668
9099
6021
2888
14295
10219
14192
12536
4300
12487
1905
18091
18102
11181
11491
4954
15783
9106
14036
15832
16573
1429
14697
16187
13676
15214
5878
17623
14027
6089
16196
2791
3856
41
14487
12396
735
6229
527
15692
16896
3511
13770
12731
10244
5774
16453
3284
13732
12485
4302
17841
3330
16107
1731
14092
6688
10945
1902
2378
943
16317
7281
13720
2385
6939
6528
18033
4996
16820
16867
13101
15837
981
8742
2947
18031
16902
15224
5505
11856
1280
6960
2505
15738
7593
5084
8270
1935
15005
11800
17435
9626
8593
3861
13186
9110
8388
13660
16121
1980
15304
2359
6212
2387
17833
5746
14794
16758
6774
3741
5689
1539
16780
11641
17306
6504
16026
3401
11448
17153
9912
15679
11221
16574
14009
3787
12665
5883
17962
17562
14786
4048
15409
16465
16568
6137
16369
12963
15301
4920
11376
14956
3100
11809
12869
1426
10570
16312
14949
625
15513
13036
596
7493
5288
16200
15516
16209
804
16213
14468
10092
4588
14548
4952
8587
17016
13309
4659
12906
13019
14952
5435
17571
5701
9137
7234
2225
14304
3241
2679
16512
3551
4291
6956
5890
6786
8777
17266
4278
18036
12563
3521
15470
11367
1021
16308
13160
7047
673
4281
10993
7805
16460
9090
1717
2535
10115
16616
3988
16924
16625
8810
15221
14586
8172
9195
1136
149
3312
8265
4851
16980
8398
6142
17114
7814
12799
7273
17842
5812
7440
13782
6975
13093
1950
8091
17801
10555
8588
2576
4169
15298
10477
16885
10262
6358
5104
3575
4629
4973
2212
7670
12618
3087
16320
16109
2362
13422
9588
10065
16210
14614
3302
4831
4483
2190
12116
1259
4456
3418
16586
881
14677
4531
12495
10109
17543
9433
437
12513
1055
14411
15377
17780
121
10186
7418
14800
3309
2980
15120
13433
13378
18095
2643
5926
3877
16649
15539
13630
2572
6747
12610
15510
1486
7042
2075
1946
16628
7558
4545
6158
14014
2333
8817
17207
3002
6957
1287
6722
3305
4708
2363
4823
11345
8152
5278
514
7625
16472
15242
10337
6805
9303
3126
17193
7831
4512
15639
5194
12772
2088
4481
6864
17847
1771
15756
3625
15889
368
2141
6135
6816
14018
17941
11001
4383
10643
5243
7048
4091
8331
4319
14778
9138
5867
8219
6001
2239
1313
8952
4625
9134
15393
2570
1246
12492
4863
10486
1830
4927
9119
16669
2200
16489
4738
1060
4685
7797
3689
1560
12716
4919
4312
16893
5751
8372
17547
1371
6533
12518
17453
11449
6940
54
7776
1666
16775
8266
16621
7790
16761
14481
13445
16890
6502
17013
971
14705
16113
14236
16734
2587
8872
16763
6544
824
5584
3684
13543
17103
13169
16206
6061
7006
13193
8381
15936
2450
848
5211
3299
13773
3851
13898
4848
16467
17782
992
16115
2571
2485
15788
17443
15932
3173
14439
17252
297
17777
7507
1791
619
7841
5663
2401
13733
18040
5983
15056
8132
7379
7527
5379
17541
3091
11709
5052
16454
14966
5679
15929
13234
4322
5676
3206
11620
15398
4273
17466
853
3026
2588
11245
11980
3180
1894
2899
2281
4054
12854
17118
12329
13929
10485
5523
7894
563
6611
14638
322
1039
2327
15927
14635
14904
4486
16978
9362
13601
12960
1457
4818
7740
17446
9390
524
13785
1169
965
10006
7265
685
6516
12103
676
3079
17271
8420
17406
2063
9684
3906
5865
6334
18092
14368
11670
9786
4826
5476
7569
6784
1777
6321
11702
16437
3310
7484
1944
12608
17838
6057
8878
7812
12320
2663
3212
9508
5266
8167
3824
16590
17835
1763
10324
316
3805
16468
6871
4274
3542
456
13645
11562
3211
8081
8055
9596
17719
5224
2286
11714
17606
7103
17545
14385
5338
14222
17676
17765
8336
7442
1707
9630
958
15397
3524
8104
4511
14441
16217
11058
10502
7850
8980
14669
6607
14058
13275
1454
7025
14963
15424
2226
1456
10865
4813
680
16079
1641
17831
10553
12009
5829
2466
17549
14921
7769
5735
16910
601
689
3082
684
970
14959
6424
4021
908
8790
4731
8366
12969
16607
10975
12824
9441
14299
17106
8229
2272
3444
7913
1095
2262
9542
4098
16904
11121
3717
10305
2206
187
4373
609
578
944
835
3324
6765
237
1274
1045
1319
1947
12956
7742
9052
4682
11324
2591
12466
14492
14833
1496
6925
4398
15405
7553
6194
5325
3579
8678
3354
446
1833
3313
1951
17772
12999
1062
5819
3604
15223
3636
477
12489
13253
11948
6932
9235
543
2474
2073
8147
6033
13507
16390
9259
5951
7921
260
13777
9834
6941
6067
7772
6446
7702
16522
12276
357
1795
341
2176
7112
9072
1390
2412
15401
7408
17124
15279
4233
12977
438
17439
3775
7210
1990
8749
7378
16912
3826
12715
16157
4261
3466
15721
3111
5323
5185
15635
5274
4704
7269
9053
11758
5145
294
9205
5886
14436
1314
262
737
1524
5541
14393
5270
17262
6984
8554
7326
4270
2963
5567
4089
4650
13992
6961
6055
5921
2059
14043
6030
7554
2761
14297
47
298
3912
2324
12252
11954
15481
489
6831
10572
950
15998
15787
4241
219
5895
15632
17792
8150
546
1004
17041
5389
5049
4967
5301
5496
6161
665
13778
5898
325
2960
5710
2372
6884
3576
6648
8280
1796
1783
2326
18093
7881
16519
2457
1046
17830
4175
7602
3586
269
12976
2335
10504
17181
5319
12483
1439
16983
4497
3973
6969
1321
7631
16878
16399
8711
3823
2352
3020
317
757
2256
4356
7720
13554
15446
14953
10558
9136
4633
4955
8843
11080
14587
7616
26
2860
10296
10755
3140
2672
8134
758
12629
7573
12911
5384
8190
7097
1832
3332
7340
8124
14220
5557
7858
4181
1411
10806
427
8095
12815
2361
14827
756
3672
321
3929
7993
3071
17935
9465
3113
5892
4239
17441
4999
8496
12237
15984
3864
16420
706
7015
14958
1063
1272
8056
5216
8864
3451
14250
4770
612
9279
2277
16232
11837
15402
348
743
7497
10455
10375
531
8972
9094
5963
4020
6511
2964
17112
4306
2004
5321
8427
2504
15739
5403
8973
16794
9996
6523
7316
16633
3084
1643
16523
5633
2423
6196
1306
6052
9674
3121
12371
6202
8436
1362
15933
3119
4010
5582
9261
10924
9543
6936
3403
359
15734
4275
1712
17832
3828
3138
3191
5778
4551
9434
5702
12916
8376
7415
4995
7995
7877
8995
15065
14366
3857
6909
8735
18029
15725
17502
2157
646
4026
17768
16163
16693
2586
9582
15790
3670
8764
6799
6443
5470
14844
3465
17893
6419
10989
12729
4410
17856
9797
1836
6232
3888
7386
2296
6667
8230
7461
9495
3581
3585
153
15267
2268
17437
5874
3069
9714
16812
6151
9459
8948
8885
426
17129
4380
5351
6054
8551
4152
6195
17593
6444
12661
12676
11773
56
17096
3098
5322
5613
7270
16122
16527
12194
8102
8278
5315
10682
13083
3535
9101
1591
1761
4082
14486
17251
4321
8108
5520
854
7388
16247
17250
7032
9623
16900
3419
2725
5359
485
2669
6798
13284
8139
1154
17117
3501
7134
11862
5239
10287
11422
5909
8261
2366
1664
2046
7952
1875
7095
15340
3605
5844
48
2893
3657
878
9122
4279
3820
8129
7891
15281
7639
7218
16074
2015
17213
5588
2087
5179
1444
2163
2414
1701
16097
4436
4125
7041
9120
8271
8341
15527
5141
3389
14789
5558
17647
8656
1774
9421
12050
5290
843
441
5571
6496
16189
3688
4681
11447
4814
8851
8724
4318
1235
1503
3723
16571
8267
3208
795
15646
2094
13551
3353
2011
6308
6037
8687
7965
8178
6409
6882
3974
9661
4280
14815
9668
2526
9342
15484
2310
3977
12516
16480
763
12624
8294
7622
2086
3813
15139
1593
4987
1140
677
5501
7155
2531
344
3744
5930
4781
9960
7950
9334
1023
6713
8208
2290
4557
1240
10891
3153
1732
7256
2222
12353
9206
16318
1688
1880
5513
15997
13997
89
5836
16662
17708
2965
1153
11690
7433
4646
9223
17241
14823
16950
8584
13990
7437
16813
3840
11801
190
4953
4057
674
2902
6868
5753
10948
811
8776
3681
2328
1965
14842
1005
3125
2956
738
4288
18027
2475
12281
6886
8417
718
12314
3350
5485
3109
6122
14941
3704
2287
6572
15
5197
17702
539
8682
17350
4740
8186
1120
9916
3319
7910
12144
4326
15585
6811
3926
4001
1955
2955
6048
7421
9549
7236
15062
7665
10333
6865
3279
16037
14975
1356
5623
1499
4942
6655
8997
11977
4983
6772
639
6252
12917
14542
16112
6310
11340
4271
2481
3822
7744
9484
4658
17020
7263
5108
1718
9853
422
6237
7694
3817
6143
1065
7624
12965
6396
3057
17109
16561
6866
2569
15382
10515
4158
4913
6973
8684
3204
15413
2647
5840
16025
9412
6596
3556
17557
7306
7240
7470
3106
9304
4493
442
3659
17925
2123
2697
8575
1793
5352
14451
15601
2492
4579
3176
3447
9375
9471
10888
10552
133
12382
6981
884
6559
796
7960
15862
5952
3990
15459
12808
3814
14907
16545
17764
8634
13659
1934
3137
1285
6231
4840
6166
3940
4251
12038
3845
7288
5134
17206
7202
582
12861
8342
2381
9062
7531
7546
9652
11881
9385
9001
4985
2340
9665
2650
14733
17373
14973
11290
6439
2339
2430
4772
3852
1239
3952
2308
1710
3229
8060
14819
14840
1779
5512
16703
7430
5537
8157
17210
17273
16233
13947
11855
14336
6584
296
14431
1726
3205
299
14490
9326
2195
9320
4283
5072
7476
1715
9439
8338
9228
8526
3694
18100
15872
7918
15849
4265
10481
5256
3947
6077
5438
13380
11923
17861
1237
8833
11392
4135
11248
2398
6974
8812
4716
2319
9199
2441
8236
5902
598
9932
6340
6386
8503
17105
7864
8249
6768
14307
3893
13254
7456
13050
8269
16321
6994
16182
3135
8072
3706
4742
1685
2036
3537
14137
17008
13316
9561
16601
13068
3680
8773
7390
16377
5204
1443
8135
2057
933
17308
3174
4344
13039
16930
2855
741
1185
623
13579
4028
3096
4148
5875
6518
6599
12905
9578
6184
8256
15921
15604
686
13360
1335
5393
6553
12868
7245
15467
3749
12455
3692
8215
10653
3123
1985
6872
7289
5275
5781
10238
16479
7934
8867
16840
8741
4269
11946
3436
2347
9414
1589
3265
6167
11351
4516
6493
1309
15863
8131
1730
3773
5030
11602
1520
3063
15628
12951
6174
14818
17191
7706
11304
8725
6049
7808
8292
8967
6695
17711
12877
8934
13076
7935
5614
690
2691
3728
5293
1501
16664
1505
14094
726
3379
1092
8558
2846
7383
4857
5986
6851
15166
8065
11708
11361
2680
15337
17701
530
1331
8577
3517
2203
6053
2408
6120
9336
8713
860
6897
1671
9222
12285
14626
11305
7137
8140
16911
1760
2678
2284
5283
4305
2935
5547
2732
5509
1446
7778
14452
1413
5698
12793
9125
7199
6025
51
159
16149
3256
7179
2425
6130
16494
15445
10127
7577
10928
14806
3865
10770
8069
764
8223
6998
6548
6930
9430
12625
13614
13568
11730
3564
3065
7477
3441
6907
6221
4365
11983
8103
2857
9646
12659
2211
1384
5238
542
9583
14
9005
10002
3792
6215
3364
9254
16914
7789
2311
2692
7823
7054
3408
3761
2223
7414
6456
14596
11794
2912
10483
6807
16926
8123
4804
3143
16455
5526
7962
780
3167
7323
1624
7436
17035
12124
2031
16678
5329
12457
2926
12740
5660
1840
13540
1723
16405
2439
2666
11146
11685
1152
9666
11688
17122
17551
6549
8844
18015
1080
1514
3519
7045
2990
9612
910
1929
7813
10746
14824
17570
6762
8066
6755
8207
2549
3159
8442
1775
6416
8194
1912
17790
9551
13088
4150
1797
12857
7718
595
6185
2246
3442
11989
11384
13615
15959
7389
14986
17009
9921
9655
9659
2171
11358
1629
5708
2083
7628
8900
12033
11710
7942
6912
7164
4640
1405
4870
14355
2355
2219
3095
2795
1245
2080
16458
5978
4559
7786
7301
9056
7915
14836
8076
1734
1864
2487
5445
343
2416
9140
17246
1843
12675
9361
16851
1890
6812
4272
11686
5237
6466
1827
14816
6815
435
2101
12027
9778
14809
13774
4400
1381
1967
10739
10466
8929
8298
17429
15541
8677
2273
5517
6837
11190
13841
17973
9198
2945
17055
3074
15800
2652
10842
8917
2193
1367
5841
8430
14893
10687
16359
9806
9442
14865
9040
9068
2266
5847
15368
12761
2437
11472
1338
683
6460
12157
2627
4345
2039
8470
11624
17171
17643
885
9386
2895
1037
8792
5214
1953
8899
2166
17358
10029
7221
7512
13106
5415
4347
5682
5896
239
1150
6720
14622
570
4750
14491
3218
12549
14982
16779
9404
6889
5271
4314
10557
9613
2442
14601
200
7391
9318
14665
12159
14810
2867
1569
5626
12693
1878
5704
16577
2003
11746
15758
4248
15519
1651
16674
5984
5796
1494
8875
3210
5065
2490
7429
7464
3328
16735
8676
6642
1871
9032
8641
4570
9462
3640
1340
17770
1071
2682
3881
2562
14947
3902
10795
12190
7020
931
135
8107
969
8234
2302
6555
7951
15095
5719
3014
1376
6044
3644
3105
9802
17876
13521
13040
5697
2406
4359
4110
10554
11281
1415
5439
7011
9413
15129
13587
1215
2364
9811
3570
6796
6680
5991
3181
12875
4751
6744
3388
9530
11975
15741
6990
5809
2870
3004
15326
14935
9284
3559
5711
4654
14384
4821
7197
265
559
3163
4081
9805
7262
460
13491
12005
6719
629
7065
6331
173
12902
10678
14817
8116
9783
11635
1464
10460
16965
15211
8477
1492
1348
431
12940
12023
17164
7815
5309
5945
10760
8006
263
16966
8358
6141
15455
5475
1131
13265
306
8524
2090
3321
130
4858
12721
14848
16508
6129
7170
6427
16373
10591
17940
16076
12180
6313
14807
1030
3234
14866
7561
1017
6577
17699
3963
6775
4683
5864
10810
14519
14101
13688
2349
1127
3747
8642
1491
2796
1511
905
2755
6317
926
11247
2084
3030
8311
6651
4507
3358
3568
8927
7996
17555
2706
13881
2250
284
9663
14812
16413
1216
3738
14841
14134
14860
4979
9095
2862
8528
8300
17127
9569
4541
12204
5563
14972
7085
3496
4282
6946
10034
14974
9229
1786
5939
6339
1171
6315
1048
3351
10011
17751
9455
5130
2817
4296
10600
4478
6297
16720
14364
2992
14458
5707
16154
7716
552
2595
1293
11999
2248
15319
8169
4457
7285
5129
1548
9713
17767
15141
12280
14951
11605
1696
4989
17254
4186
5610
1945
5478
13365
5417
37
7320
11389
14867
17433
11997
9692
17910
14846
6923
4471
2758
8333
3007
5530
7525
15915
2119
3355
17816
5545
5995
15838
6369
654
13875
4739
3601
1746
3298
6366
11191
16803
4729
16756
626
8802
4395
15564
16260
7489
17340
1653
682
4224
10144
3896
13542
5103
14979
9556
3627
2496
17638
5640
9618
3827
14987
1844
3411
14808
990
9059
10524
806
3495
8507
1042
10571
2773
4250
8380
7946
7909
4537
10431
7617
6283
6324
13721
7612
17061
9190
14650
14993
8879
14837
4543
569
14843
10028
14899
6754
443
750
6140
11483
9871
10314
6730
4577
6047
9355
602
6529
1391
1122
8136
3641
14912
9622
10725
847
7765
8216
831
14859
15345
7802
9083
12921
391
13427
10635
16970
14783
11942
1607
8498
13576
6349
9546
6384
16304
6076
11496
1983
14219
12193
13658
13418
12101
4065
3112
928
1737
3997
11669
2348
921
9505
10487
13911
1911
17078
15389
2240
1480
2982
8240
324
2365
15307
8407
1632
7309
2523
7457
7806
557
8690
1213
5450
11588
2028
6426
5171
139
4644
6094
337
13573
15809
5669
1989
4883
9606
5176
6557
5755
10849
3077
6660
2866
13319
8823
8389
9883
14589
3349
14978
2010
7444
17399
5635
3976
10840
7227
3779
14829
12356
10822
9291
11738
8345
14849
875
15230
395
9699
6403
7737
14283
2473
593
1956
8309
2792
6574
4304
2936
5405
4357
137
12066
7434
11497
14089
889
2511
6568
6745
8068
5138
5484
3981
2959
8133
4817
17691
14825
3022
4108
1879
355
9424
16887
12127
11642
5118
3148
2874
3536
7568
519
2599
11055
1713
4956
5825
1884
6376
9036
6266
783
17422
7817
13940
7799
7133
7828
3104
1497
14828
989
8941
6318
10837
3639
966
10332
9741
8382
5968
6012
10509
9704
17905
6183
15810
5543
3357
9536
13949
5391
7505
7832
1552
12872
363
8856
9991
3092
4503
10607
9151
11284
5327
4389
8516
14857
4426
6967
4581
8214
2754
11480
10007
12232
17452
8041
14858
12298
11431
1900
8685
12108
4655
6717
1507
8002
338
3596
7027
10937
5177
397
5408
7157
6034
15966
15770
4558
6154
14961
6629
16856
15151
17903
13816
9081
9200
5561
11774
7130
4931
4779
312
2998
117
3296
11451
10346
14803
12766
7180
1487
15857
16536
4583
8033
17357
10514
15222
18051
10379
1375
3613
7139
5745
9515
16159
8616
2367
2684
9580
2726
13514
15873
7423
5163
1212
6567
11616
11671
8406
2322
9727
2480
12091
1834
1243
5725
12077
2659
2743
16992
12585
13813
14153
5535
14696
14832
370
1597
14540
13963
3236
7117
924
8160
15695
12988
1370
3323
1585
14489
2943
8918
5806
3052
9172
2282
4849
11196
586
2625
6734
14010
8238
3040
9193
3207
13269
15789
2358
400
14565
6251
13655
4526
15119
7460
3500
7630
2243
13114
4762
1101
14864
2029
17849
599
3307
7818
5765
6108
7585
7463
17345
687
7215
14756
7698
1007
13899
1578
9528
14883
6962
17056
7971
17007
1108
6538
8390
724
14698
2058
5122
14683
5147
7597
7427
1683
4472
8092
2113
4276
2495
9610
270
6662
217
5661
8610
9225
3365
17341
8664
16941
2711
16057
3124
14826
9045
4796
5378
4370
16164
10351
4137
14851
4969
3508
7893
15540
9418
11936
7576
1886
11582
12034
9690
14227
11415
10257
11950
17873
5449
8378
15524
5457
14611
6480
12534
6429
4667
14676
8686
10535
2392
12663
9735
5281
7024
15204
9393
14703
8785
5569
11488
10974
14096
2957
9654
6380
15137
6545
3085
5862
2621
12636
4620
7733
13577
14688
9846
7056
6598
6639
2677
9331
15465
4301
4550
7986
14197
13092
14804
11897
9900
9272
13362
1278
1003
14988
5013
3244
14992
7142
7984
6556
13620
3713
8371
14983
2686
13008
1382
14171
4602
17579
4217
15383
1229
11590
11945
8159
93
1509
914
3136
9913
2353
11974
7773
9004
5360
17010
4560
5085
6617
4107
17725
4061
7869
9013
11319
7872
5579
10357
5267
8807
5724
7958
9450
11592
323
7734
11767
8602
9401
14922
2823
14861
7290
13403
8032
7725
10429
1600
14512
1214
15027
1888
5033
8510
2197
7061
10730
16319
3189
1178
6032
11772
1114
11962
4546
6602
9645
424
2660
9349
13321
6360
7972
15705
9425
9176
917
14834
8996
5528
5555
2978
13865
3897
805
1745
8722
2714
7207
14910
7126
16898
1930
13987
12814
5550
10274
7535
12225
13340
2559
2741
13958
13041
14477
656
350
3037
644
13136
5110
9115
11680
2303
2958
8325
7667
73
1162
11510
8883
1918
9486
13003
2698
6173
8443
15201
6848
1792
7283
8923
11554
16258
13685
2453
8173
1700
6743
3829
15376
14731
1329
326
7492
11426
17223
13839
8314
5046
978
392
1550
6462
7704
614
3232
6656
1318
9967
6064
1594
6244
3768
4552
1614
8323
5111
7359
16604
14868
17710
5650
8193
16502
10655
6305
8317
7305
13467
16447
3721
5916
14821
3398
6264
8273
1385
2488
5681
3481
6823
6247
12162
8605
3662
12647
14981
10631
11961
1044
1256
10126
3860
4074
11323
8185
4519
909
17363
2605
14767
12425
4562
2942
1724
3936
8393
8360
5797
5758
14723
14574
6809
15668
5398
2736
162
2941
13392
7012
4843
9594
699
8301
5088
1250
8904
5479
1249
17882
3534
2386
9197
4938
548
3209
14835
15514
4864
9055
5158
3913
3440
10641
3336
9255
12150
1782
12164
15856
1850
11036
9014
1986
3043
2865
5015
8025
16499
521
4234
1799
2744
12651
5487
7710
9247
1692
6225
906
14722
12179
17522
10124
7488
2525
17746
3526
7899
14216
7267
16550
3904
1859
6905
3878
6610
10004
9776
11889
11278
4877
5515
329
11753
1940
3080
9693
11127
7516
2651
15250
11649
14390
15255
8463
11485
16709
2379
13776
13165
4341
3875
14830
7787
11802
4468
10251
13886
2042
11408
973
9768
214
12174
2078
13948
12238
1952
9598
13004
2527
12170
13829
4303
9716
3155
127
16139
8654
14128
6803
4404
16892
11471
17966
8692
16197
2854
1052
8357
17752
8487
4554
2271
10896
17184
6806
11812
7078
9212
1129
16513
10815
645
3088
7333
568
8658
7768
15406
7944
5830
7649
1251
4689
9964
8847
4459
5034
17888
9998
1679
1204
12423
8770
7317
10944
1050
5200
4076
7296
347
8633
9423
5832
17859
10492
1377
14985
7678
18005
15159
11888
9107
4172
10271
1210
5105
12910
16212
1753
15885
2356
13971
10530
9150
7655
8726
16964
4025
5586
3871
10468
8260
11315
5843
10019
9620
8447
14377
10394
8439
4746
17946
13649
7302
17294
12398
17145
10320
3941
17902
7070
952
4294
8088
3394
6176
782
17781
3895
9410
4096
5192
1389
9178
6551
6535
464
6249
7717
6752
16388
7432
3847
5279
2593
57
1695
9207
2370
3595
15795
4873
2839
6285
2653
4574
429
549
8595
3628
15504
5646
14995
3901
9008
15817
9792
2394
9453
9127
2380
4565
7374
11614
792
3918
7190
16443
9381
8330
5097
12267
2009
14989
15556
16889
6589
6625
17232
6736
5183
7671
8766
2573
11629
16070
12117
7387
16542
8089
2298
14980
9995
3150
11235
8078
2097
9246
987
6022
3177
4505
12909
6255
17914
9454
2023
164
9649
230
13735
8340
4964
11957
11443
8370
15143
5532
15607
2710
15004
5542
6834
7292
5629
14634
9856
4310
1445
17583
7985
10860
7322
15968
1124
2718
9456
3699
12176
15464
616
7252
4520
9039
9429
2161
6988
4184
3223
9379
4051
6291
13176
5175
365
3994
13313
12351
16030
2923
9293
8148
2053
1586
8805
12846
2804
7201
5858
12759
7051
11996
110
3474
6363
5853
9513
7560
4713
2269
6675
8329
9757
8318
8058
4004
14544
6500
2688
101
6131
11789
2465
12974
16313
1094
11831
2858
5406
3399
11981
3867
7873
560
6102
2174
4886
897
7295
11912
7244
9552
9204
1815
5411
7748
5433
8969
6425
864
12980
16990
2018
3602
14300
3005
6133
16672
13591
4253
4661
5481
1253
9419
11108
1437
8175
17365
7055
4237
17403
8926
2914
2117
6367
5802
9822
17493
2143
8302
6473
8297
3338
16426
8902
15757
1825
3774
14354
15157
11995
7004
12175
10900
5813
7566
17890
2887
8553
15184
13860
8800
8246
14704
17755
15943
1186
17988
6751
17785
7621
12096
16968
12790
3770
14996
2940
6920
11943
979
1190
3266
8399
7392
10389
2615
1869
7854
8024
15584
7796
1828
3664
927
6086
6761
11585
16168
788
6566
16696
6150
11644
1088
5800
12930
14991
2969
11927
17944
1352
5659
16378
5115
8521
5420
7699
11553
8232
13850
3282
14088
3381
4702
5987
225
6214
20
3879
3565
1351
10895
7636
10773
12442
16981
13745
13759
10548
4453
16175
2489
9738
7487
11256
14971
8821
17307
2932
3367
18057
16166
12338
1562
11251
2721
9915
6541
7184
222
3285
14780
5067
6780
3499
15731
7820
14319
4226
7603
1242
13800
6781
9650
4163
1286
16246
1604
7791
17017
17166
393
6227
14845
16988
11785
2510
189
4256
3635
1962
12959
9311
12214
2798
3561
4293
12569
1860
13129
78
1555
4710
2567
11886
8038
1273
7485
3658
1587
8210
4287
5446
9579
14262
4747
12391
594
10501
3785
14690
9503
7781
1769
6432
10705
11850
17148
10373
1867
7842
3055
5539
9105
17881
2435
17857
13530
8748
6046
7399
8143
300
17267
11409
1310
8646
16769
7008
1304
15612
98
29
10313
9769
4196
7043
5159
4384
10361
8822
8747
7146
2472
4106
7182
7169
11560
10747
4566
3039
6412
1541
5215
753
9253
10522
14831
12141
15637
8037
11658
4525
12087
7703
5209
7282
2455
4998
7300
6583
16128
2934
13589
9201
7073
6081
14852
17530
8525
12612
16181
17045
7064
10347
11968
7046
8922
8082
6267
9378
10081
3303
206
3335
4720
11979
18042
16562
15805
4366
1349
3660
1137
9196
3742
12789
12719
8422
9146
2229
2748
5303
8889
4709
8840
12166
13858
8850
4257
9096
2092
13932
8652
1618
167
5131
2676
1703
2911
7363
17259
1686
8231
16882
2673
6372
8592
501
940
12507
8775
8571
7701
7498
6721
8288
3739
5918
8704
12970
7036
3818
7524
16507
16219
8017
9116
2323
13789
7926
8165
8643
71
8681
11464
17814
610
12156
2061
5169
2617
6134
9533
7648
13722
1510
998
3767
3797
7274
1784
7878
4686
6532
11285
11608
9966
13382
8869
7332
13178
15546
2939
11739
8774
11661
1281
4049
3194
188
664
4040
16653
6186
9671
13575
8156
5671
8428
7745
16587
7529
5691
9532
634
3363
2996
3421
10344
5316
9782
5958
142
6828
1645
3213
9599
4032
6191
216
8291
9307
8030
6937
16559
9496
2424
16768
68
9058
13890
5429
9042
13699
1125
8310
259
8061
11331
6841
5647
2845
6793
14593
9340
3428
15035
11905
1785
4222
6104
4419
11915
13084
17677
6036
16123
6750
1634
7482
12125
7943
1681
9315
5631
5946
3854
15534
7347
14147
3260
3372
5597
11564
14929
7138
9343
7160
13073
4115
15903
3331
9566
14853
7401
286
10903
3315
16797
1477
5483
8455
3393
9472
2801
12331
17602
6400
5227
4369
4223
183
7212
5363
8096
722
8039
17993
18038
3277
5020
15568
8942
16749
6679
2432
7049
2148
9061
3525
6035
9839
6726
13260
9575
15952
16021
9054
2803
4540
9050
1363
8475
5589
15944
11947
5161
11320
6379
2667
2705
8683
6501
2739
5627
10343
7762
8837
4865
8026
7821
2233
4639
8515
14820
558
3430
10304
9576
16368
11
5668
17886
8369
15187
10490
10012
2811
15875
14289
12098
11991
17416
13012
10054
14838
6618
4124
9082
10156
17926
4496
14100
744
13006
2825
504
12630
447
5779
16261
16959
12602
7896
17167
8465
6922
3697
8042
10241
6785
2872
11603
8839
8319
10856
9477
3562
3584
7084
2601
8887
4637
657
833
1205
8667
14370
9520
17186
2973
12415
10356
16524
17142
10283
17189
4783
14185
15021
6955
6565
16471
2897
4776
16754
7711
4825
8154
5593
17736
16417
14254
1009
3347
1987
15980
5815
8448
16114
6966
12806
13647
17155
6964
6552
360
3850
16785
12289
3404
6434
5618
1353
17669
7156
15846
1018
3577
17160
7194
17479
9250
8693
11025
15142
13873
3574
10443
6050
16050
3062
9563
8529
8040
6356
7094
511
7547
791
13961
9057
6069
6632
17367
7659
8491
13783
3011
13119
1735
2146
12380
861
591
8596
8905
3621
8023
6520
3914
3233
9273
1619
10831
11732
11317
11640
2393
18004
16183
15547
793
3874
1770
2920
2207
9777
8045
3696
975
2016
1233
9540
12567
11910
9558
12249
2076
11960
8290
11466
1174
986
15106
4872
8149
6918
9526
198
6944
4213
648
1750
5683
2283
15000
6690
1033
425
7523
11760
3555
13000
6314
8163
3484
15941
2979
9184
1854
6375
7513
2937
4381
7163
1479
7338
11659
11364
15225
10023
1928
2208
5524
1224
7124
377
5927
2460
14814
10046
12892
5534
9615
8895
6676
32
16324
8007
9440
7029
2491
5562
17389
16555
3141
4260
938
8940
7536
10832
15830
16853
13848
6238
5656
4760
15456
4599
7898
8239
11994
6435
4191
15331
2579
15743
6172
2880
2640
1839
5467
9565
8739
2368
14920
17850
3935
8022
13179
3923
5407
8046
13570
17417
7713
8035
7865
9143
8936
11841
9238
2270
2184
11243
17261
12147
9574
8021
3737
5062
8222
1221
388
9609
9000
8110
1043
17313
10671
17871
16618
6105
13845
16933
7385
8731
3790
6436
3750
9023
4764
8199
16432
14193
679
7010
13790
8975
12296
14898
5385
4350
1824
6018
15182
9506
14994
10576
9002
4142
8853
17744
8281
11544
16951
8200
2949
11681
14583
7205
14440
15737
4613
2603
2584
2662
7517
2093
693
8842
6992
16595
10435
7334
4290
5092
13407
7344
17851
11677
5297
2742
8623
14673
3334
4816
2929
9879
5848
15667
16001
2306
369
5967
17398
4221
9829
6709
2787
6117
7712
7760
9973
6168
3461
6103
72
4555
13027
9087
9006
1949
14465
3740
974
6408
12751
2124
4765
8984
1498
5644
8906
450
11990
8235
5982
6999
6600
4495
6179
5527
11928
1882
16173
9043
11761
3848
4874
14432
12024
8538
10180
3518
9743
13713
11852
11140
10299
1028
16774
12979
3543
6062
1303
15753
8029
3512
11639
9402
12223
1747
14363
794
4850
12795
7446
3275
14711
2841
3015
11884
2418
11117
2849
8221
17933
1191
5164
16137
15029
15305
6101
8027
6071
2198
5421
4868
2896
15854
11835
28
16514
1054
12451
8714
14530
4801
2216
14890
6674
7039
7827
6694
16221
13712
2828
2317
1766
13859
5965
14710
11423
10673
3269
17150
6
5749
4787
11793
1856
5674
10969
17413
14247
1870
10370
11391
16580
8431
10191
3554
2498
8332
10013
5414
12042
6926
16897
8019
12132
6353
8125
8233
6207
15014
4100
5437
12994
2221
6269
2024
5936
959
5144
17945
2931
2521
2066
3416
4371
2574
9344
12197
14123
2890
11858
8224
5793
5086
8574
9011
3679
7235
4567
11600
3230
17381
8892
8395
10979
14237
3634
5442
7656
6341
13425
7225
11309
14181
6092
5253
3369
7469
6325
3757
2164
10912
6080
8034
4474
11932
2768
4476
1729
4582
15763
8841
14277
9159
17465
4059
10392
3806
11988
3019
7991
13832
12293
12560
8386
13563
3133
4207
12458
2762
9825
2183
1582
11717
49
10525
16286
2309
1075
4376
257
7147
5184
9182
227
14999
12297
6537
131
1637
11378
2182
13109
1620
6292
7608
8937
2800
12032
5162
1676
3900
8506
6503
13473
6904
8464
1574
3514
4320
328
13876
12652
8760
10664
3429
6470
1733
1981
11703
16236
7557
11405
3583
13229
7739
6189
8141
8250
17855
6917
2175
5347
2985
5570
14599
3028
4160
3362
1226
16743
9763
18099
2746
7982
1330
7596
17083
12538
13925
7208
14124
2110
14275
16515
9726
1778
1342
8779
17043
4769
1322
14914
6573
12048
3720
2826
4355
8559
659
1517
5766
9181
1592
7337
6447
7135
692
10003
9935
6327
2683
8728
695
11457
9744
13580
12413
6766
17897
11916
8699
7375
6578
10816
2749
4182
7619
5372
11012
3185
6387
11198
10954
7081
2894
8352
7887
16790
16876
10667
13906
3925
334
1440
4820
6056
6371
6856
4120
10231
10618
9374
11816
5906
8981
3932
1466
8736
1742
2769
14405
9944
454
7907
9605
5816
11687
2350
8263
6659
3172
15122
2882
8351
13421
1
3859
3529
5396
12881
17552
2752
14580
3263
9346
822
2976
1357
14494
1534
2022
7550
1068
1366
16283
4621
12168
9992
3980
11202
2729
12414
5798
12061
5511
5912
17102
7168
4340
7088
4190
2582
5720
17052
2944
11462
14770
2170
12907
6782
11998
540
9635
4917
10624
375
9189
17395
6526
2050
7795
2670
3382
16007
17351
5619
11633
14811
5519
7743
5282
8438
1995
13242
9848
8604
5585
21
3423
8896
6463
16160
8993
6248
11606
13726
6910
6729
15149
16352
8466
5330
9749
9523
10267
9389
12368
16271
13475
1148
483
10873
10752
9417
371
9954
1473
1927
1942
8130
13763
14447
146
3158
3360
16588
3225
16922
3171
16240
12681
17889
7211
11784
7352
16546
14680
7556
2127
9584
7504
14976
16290
6430
8043
5721
930
15366
9277
8661
13056
4462
5296
17226
5754
6554
5767
7759
16009
16891
14008
16852
11720
13924
16134
10099
9171
5667
16488
1230
9239
11904
7697
1228
9350
16374
8402
7113
5264
11369
11821
1633
15662
11259
2928
7785
201
13018
11971
3966
17504
17355
6165
14361
10843
2351
3714
10756
5394
3800
4522
10425
10417
15089
16762
7902
8561
11754
12121
1089
9538
2908
666
7784
7441
10448
14098
15985
5232
11038
389
12601
772
1623
561
9676
9256
1615
9631
15124
16326
1451
5143
2694
13539
12210
15654
9859
2098
15950
15033
1744
9595
11475
10604
15528
5733
1948
4188
5455
3771
17130
17627
10651
11387
7062
12287
7824
13116
13023
8811
11583
12067
11727
16228
10536
16006
14543
2336
1852
13603
12000
17328
12725
10613
12025
11395
1916
11204
12900
6392
15404
250
7100
14602
17536
5491
2778
721
5940
9405
6670
709
5320
8374
4170
4609
6893
7587
4229
9469
3373
3612
11834
8789
5093
12933
2805
3468
11740
7339
902
13562
6575
13981
6591
7673
16203
13159
4352
16262
6788
13791
8762
5207
7966
9216
3907
16004
2938
17248
12702
6346
12245
3724
402
9863
14573
9126
585
10835
13684
12310
15135
4693
320
2756
7732
9382
508
8087
11297
10045
4289
3116
17137
13666
8500
7586
238
5578
5447
6410
9544
3705
3671
16575
9527
13623
4910
6814
4627
12982
4906
15261
7933
16673
11978
12744
1365
258
8014
4473
8016
8482
1899
11723
3448
5639
10056
5736
12217
9234
9446
882
10316
10137
7538
8284
12897
7551
362
4200
16245
11532
16225
10708
6405
5854
1660
12231
7425
7125
3049
7187
7148
3470
10088
9170
2877
17605
5756
10051
17238
5805
3120
14598
781
165
9589
2191
6977
11787
7109
10130
1705
4860
5172
7644
3732
8594
12573
15776
11694
16165
12812
502
6413
9121
15876
2668
2395
7595
6275
653
16003
7604
3597
6136
17133
3986
523
15502
9904
652
1034
3503
11955
11292
5254
3392
17616
351
5872
5538
12957
10823
3643
5574
2261
16391
15262
4161
11333
17165
6779
4786
10458
8028
6182
2436
6312
603
14379
9470
11311
5831
8955
12736
333
17128
7038
5395
5508
16158
7253
17177
4332
12570
4167
11939
14032
17211
14294
1458
2215
11711
7680
1115
1523
11718
13569
8591
2871
2085
10608
11356
6295
8910
140
7509
12655
14305
5783
11184
5789
9534
7641
15791
12085
17828
1758
10990
8804
14414
2152
1143
8396
3376
12530
6997
17542
5686
9365
12576
5499
6294
2716
1421
7890
8549
423
8020
16281
3734
17968
7521
17322
1687
3178
4461
6287
16380
1765
174
7343
8815
15257
7607
8198
3674
2522
1813
6110
624
7480
6107
7093
1654
10617
2709
7223
503
2079
17125
17173
15044
60
2305
1227
12228
10737
7782
3383
9135
3341
7900
15292
17104
1577
635
7709
14224
2289
4011
9604
9398
7897
8719
14386
14470
7999
15314
1889
292
16126
9545
8126
1857
5390
10102
15248
1090
6652
7582
7588
1849
7545
11650
5195
6517
17932
1861
9529
8441
1804
3193
10279
16162
332
8765
12039
2879
6560
10805
5500
9409
649
4450
15638
15227
1924
17622
6388
5730
3497
4960
4885
10910
2249
4042
13844
13561
11823
17965
12447
10959
8316
9703
12867
17346
11934
2371
12540
4861
3343
6109
6144
9509
102
17240
10101
17460
15136
11255
12583
1603
9251
8944
16475
8707
10075
1823
11595
6433
3566
1076
9941
4752
15573
17062
5471
11332
3164
2885
4378
5695
617
14312
11921
1118
9407
5791
14675
5905
11446
11414
1551
5662
12397
12221
17132
9422
6250
4130
11153
3409
3626
1575
15023
7916
1432
8961
4592
10984
11349
307
1104
4789
2812
9788
8161
8118
10994
12955
7611
7371
7331
15057
12856
4619
8409
515
15094
9210
12594
4477
4435
2797
2814
6336
17853
9747
4412
7575
261
6332
16005
14425
10713
16979
11521
3637
1755
3920
6188
7183
1374
7298
1780
2342
17002
7373
9796
1602
9221
15075
8827
1960
4399
11666
1759
4129
7925
7396
15895
925
7779
3594
8744
9297
6362
5580
9027
11296
10663
14727
2794
6950
16873
8935
2417
7424
8547
3264
17566
6844
4778
10263
9306
16193
17538
13752
4198
15036
8142
13138
16770
8067
8013
14739
9547
3695
17147
15229
7637
14235
4575
579
4197
18047
10691
7381
11030
6301
1598
8522
12578
4396
3024
11419
3650
11756
6817
12286
17874
14053
16337
5010
9657
16738
17729
16220
11232
1015
379
7455
16773
5335
1461
1716
13014
218
4328
16152
9525
1938
12434
6898
1260
3272
2064
17198
15110
15848
136
10288
2905
14138
13824
2165
8444
12142
14510
12417
5244
15563
6564
17561
17679
15990
8205
6525
16429
17951
7193
11765
4147
2444
11286
3289
13513
11393
8473
2376
9064
16002
12055
16808
16801
9919
8321
1811
6710
7409
17957
9616
3115
7728
3868
6399
3304
15417
1812
13743
13849
12913
2493
4638
3047
10358
14290
11354
17477
2005
10445
4445
9308
7410
12383
13641
4204
16330
3009
10637
6509
1527
15063
16207
6241
9397
4334
8983
1488
9437
9109
8796
1809
2220
8502
9160
160
13595
8137
6163
6970
342
15631
5985
6005
6794
4360
8870
12367
2202
1206
17275
13675
16227
2948
13826
8751
12901
15623
14925
7825
11057
17231
3458
15291
4634
5999
13815
5498
17686
2539
1895
2167
1826
2750
11722
7914
5919
6613
7467
16172
11745
1630
12306
9316
7419
6038
6440
5367
9364
10250
17070
12849
13061
13598
1601
434
6422
11360
11728
1084
7594
15836
13493
9562
3531
6149
3469
17225
6342
15973
13599
11417
14106
4386
15466
8251
2341
8631
2052
12224
17095
11933
2772
7177
13423
6731
736
7365
17027
2972
8275
2026
8732
2091
9447
13959
277
6254
11085
7764
3217
9260
9368
9785
4027
16655
7668
16195
15148
6579
6684
17844
5566
13053
6309
8673
2991
8010
17721
9436
17852
3782
2693
7229
17115
3754
873
7822
2346
8745
1476
15332
1993
8012
17885
15128
3960
1086
16594
14260
4965
6258
5897
7520
5142
12525
5431
8943
17430
3437
7473
9186
12041
5341
2554
11312
7328
6927
17569
5432
12908
5953
9662
10286
3035
9188
12325
14533
9519
114
13702
10981
11941
8286
2255
44
8791
15700
15955
15412
4518
5099
7127
18039
17195
17196
5882
6099
10907
12894
11824
14854
9332
16963
2027
7284
8999
6875
13897
4975
11869
4502
5350
3010
6271
9750
3316
6393
7413
278
7683
7766
2318
3271
1222
97
1355
12155
1177
5369
2209
9173
16098
3838
3452
11456
16675
2486
6862
11735
9077
11791
1403
17178
16015
1677
11182
3089
13173
6280
901
1652
9721
16552
6345
8145
11788
8640
3482
15974
12526
15220
5060
10338
10729
1978
15755
12950
12394
4083
962
1292
9614
16400
874
9112
3666
4099
1818
4925
2199
8512
4143
14764
8015
725
3789
16537
11826
9923
9942
747
11918
16772
13287
1277
14911
11643
13089
15226
3821
10728
3793
2674
13181
7380
2069
3690
12347
13
608
15076
13503
3147
9428
11883
7959
5990
1380
4991
13058
15449
12879
2533
11186
11482
17079
11509
671
8636
4375
18018
7213
5996
12809
15958
14318
1743
5317
15430
3415
18037
6326
7204
15989
3791
3733
8031
15495
12251
10326
498
8925
13788
13154
15507
10254
11811
5775
6031
8346
1876
7217
11627
8293
4138
1400
7646
8283
13952
15971
3993
8385
17740
12381
5136
6322
4111
10519
4458
4092
3903
12476
16789
1103
17568
14095
7598
9070
3025
1323
1077
10750
15152
10471
2875
988
4660
4881
4003
9048
15394
410
1022
16677
16017
9091
9357
3046
7121
5100
5506
11343
5294
866
11512
3504
15104
912
486
11141
14114
5452
12989
15217
5454
15726
6580
8786
7297
13668
1297
4058
3676
16446
14413
14409
13406
5096
2641
8855
4903
9312
8383
16208
8597
13662
10359
2129
17773
11713
8445
2008
3756
12017
1217
10511
14371
17066
4126
13972
221
13927
8606
3933
5880
9504
6852
12263
15778
266
11093
9548
1261
14400
8876
16556
10275
4580
9820
10766
2548
11009
2337
16350
7141
15782
3796
42
10808
7780
17660
13238
16901
8287
10366
1016
12430
7929
12021
2731
209
6840
11279
3361
2452
15754
6085
12235
14729
9680
2001
4827
5280
13111
5810
3257
14170
9516
15016
12047
5850
13955
3786
7151
4286
8305
17899
1070
13099
3928
551
3491
17846
8801
12068
17567
10249
96
14423
15627
17392
4151
6119
13808
17662
17134
1932
638
4387
7116
15722
18013
7058
10168
16748
4824
8322
10111
3192
17558
8570
13350
3249
10463
7816
2102
5382
12436
2469
9248
2118
3021
11937
1067
8513
8197
17470
6075
13637
5444
11586
13740
10923
12891
2479
4242
53
5422
5602
5366
3475
719
2038
13896
16829
10963
15323
17092
7679
17179
2913
10971
5480
14135
3945
17598
4133
15269
2999
15284
6839
14240
10268
13556
13687
6597
169
247
2404
5306
479
16366
13386
163
16875
9276
11736
16013
4576
5823
16135
15910
9476
2388
8737
13854
8164
14607
8115
4064
9041
15505
4215
15172
411
14643
10112
14422
3270
3050
3400
7657
11477
302
1968
6634
10646
9373
16516
15306
1662
2160
7370
14263
1419
13852
8114
7526
11352
628
9435
8217
12983
814
12412
15606
14113
6437
2655
8462
9737
4607
14672
12640
832
1851
11454
16147
536
16332
12022
7565
465
1789
6963
10507
745
16257
4258
12481
12051
10753
11726
12705
15844
7675
7503
5149
11734
10960
13349
1970
2933
1798
3042
6705
15877
8788
3044
5903
985
1234
12512
13028
7939
3687
8471
13346
4470
17445
16341
15828
12377
9310
1346
12212
16800
2145
17908
5079
1887
470
4940
17901
4727
17980
17188
12145
7330
2876
10636
16180
15360
2235
6896
7181
4994
1638
409
14863
5718
1284
932
9366
10281
510
15453
6483
6490
1255
15288
10611
17936
11441
8177
5960
4317
15093
16551
229
3619
4385
16016
14061
1247
13781
16683
2565
2806
4379
17315
13054
16012
15174
6311
3931
9128
10833
17305
1167
5150
17339
9952
11742
16269
6415
8532
10179
17288
12308
8888
15558
8155
14850
6170
5979
550
2657
2033
6245
17634
1427
6306
7807
8460
5888
7400
17405
10377
15458
11334
14284
15265
8
9553
2276
8958
12865
14246
281
5426
1302
4859
16089
6329
10839
17546
1428
11660
12240
12438
8560
1308
5047
12031
10143
13526
6933
13767
553
7278
16408
2776
10473
8170
8211
15066
3422
15926
5035
7067
9474
13352
16600
6079
1102
3651
3101
6411
9017
5747
9240
1596
8535
9990
16753
9329
8968
13546
1373
14649
14773
2312
11752
2782
5353
8414
16511
12309
11807
3008
5581
3186
16292
8018
7404
7866
2770
4875
9492
8099
15677
17015
1595
4837
14687
6685
3286
14684
7153
4246
4701
6802
12734
2557
14706
13654
12203
311
9111
4243
16870
10660
14464
15123
4117
10334
14344
507
17085
8688
4393
10955
9305
4556
3051
10751
2137
5055
16487
5869
1341
17415
11396
13771
4134
3998
581
12473
10447
16035
196
493
15098
3943
17825
13064
6593
15900
4330
13999
11377
5124
5929
17663
4308
7767
440
10523
4578
17877
7310
6749
9521
13509
8758
14473
6508
11023
4070
10181
17320
8085
3825
11534
13002
9241
4536
6268
6213
10877
16265
16464
2962
12646
7356
13066
16256
10978
6746
11208
5132
8550
5678
3435
2149
3029
16333
17661
15271
8988
11034
12013
1460
6087
14802
4523
9183
17858
5959
9924
3317
2654
67
8696
11022
8151
8954
2836
12782
16619
6381
6328
5868
5477
15802
14894
11010
11011
11815
8518
13127
1540
185
15975
13565
5289
4090
150
8071
16335
9636
1722
2675
15254
2459
5935
858
11096
17377
16414
8337
4407
1288
8349
7886
9537
8740
5412
7870
10440
14259
7567
9717
964
178
8011
184
403
17426
6855
9600
8189
10868
13398
5908
8691
10048
6452
6262
1704
8036
8368
15948
176
12
8863
7633
17049
6156
6885
17703
15674
5344
4451
2116
4744
9290
12192
2035
11342
6469
105
9345
11143
8780
16737
14608
11539
13801
7949
15308
3195
4146
5502
12773
8884
11900
4698
6406
11799
3995
15249
15096
3812
9890
1397
7562
6270
15855
15831
2032
13597
13681
10720
7458
14051
12058
4166
5949
11864
4509
10921
12092
9451
9483
16014
4374
13833
3916
16806
4514
9500
12587
10018
4178
180
12445
14298
9972
2553
10953
6906
6330
3359
4118
17895
4159
9931
14433
17523
16608
14427
8192
9888
2881
12870
13118
17455
5165
3294
16548
9327
11180
9522
1933
4343
1393
3746
14429
11220
7299
16642
6703
1646
4266
12433
1013
3938
7349
9268
10575
2109
4909
10779
10821
7987
17108
4664
16346
7763
11712
15874
11070
9670
11762
17836
5268
15336
13683
14067
3751
12470
7549
15591
8247
14998
7537
13857
8985
14397
16961
15592
5861
6219
15987
7803
13956
14648
106
15190
16895
11920
2906
12579
17734
5068
156
7969
1450
522
4077
1563
13201
17791
3297
15444
7908
3432
12452
4894
8743
16140
16647
8182
6499
10935
8814
7393
3552
14937
15384
9987
13921
7650
16884
2051
976
279
11131
16987
9166
13787
3942
10776
10736
14443
637
16011
1810
9868
91
16104
7345
13094
2025
14174
8585
13905
1058
18084
16267
8568
5525
17387
14005
11844
2411
15961
16334
12818
5463
8454
4259
5657
13707
1516
12679
3438
3725
12494
12498
12420
15087
4657
5156
16049
11318
8174
12723
15080
4401
627
13343
12822
4839
6374
14916
8313
5249
8530
6929
4696
10838
15825
16846
10626
3509
10645
6953
6211
2204
13559
390
1680
8832
4649
9963
3094
16403
11302
3808
14316
7532
12912
12432
13622
8718
15761
11381
17611
16259
3152
11335
11967
16815
3337
3999
572
17149
8783
15719
12802
6216
3012
6644
14210
9948
12330
11280
3762
11880
8933
1462
6801
8419
12972
94
2916
15866
8531
8202
14314
7570
13317
16919
1557
4687
331
1002
1441
12899
11026
17046
8890
50
8493
4429
3250
10986
16302
2848
251
6620
12804
8994
14028
16927
474
2728
5899
10372
2564
555
3184
13917
1649
9093
2360
4324
17042
7847
17978
8578
8201
12709
10376
13196
6157
7472
6459
4189
4845
4043
3884
13453
10074
10824
1533
4757
17867
12199
14070
8347
9406
6514
7753
3578
11741
18054
14502
9531
12422
17205
12722
15735
7928
13820
1061
16289
16728
681
8009
17840
11199
3196
11021
16746
12997
4238
14872
3255
7837
554
9720
11138
7904
14066
533
14253
9079
36
3638
2592
7809
7206
17499
3460
16578
3420
5599
6235
17236
11388
7022
4041
7318
17952
2547
5573
8373
14456
9827
4721
6530
11561
11474
9230
4212
11618
14702
80
7502
11926
3455
9026
9752
9016
5225
9076
3607
13812
6546
2863
17757
11652
10439
7224
9984
7506
15032
8176
15091
9637
11598
7357
7629
8377
10595
7979
3235
9842
1091
5752
6083
3955
14199
12260
12128
13797
3675
6919
6364
17239
17347
12778
12683
7102
15317
11091
5107
12001
15851
16427
7666
1332
352
6023
11260
13831
6164
7453
9339
14341
3691
5822
5284
3480
16719
4405
3967
396
1941
14472
4798
12528
17778
17386
9132
9907
3476
1000
17822
16034
17204
3505
7954
1805
1699
6465
17292
14627
3327
16783
17456
1325
2252
15156
11442
10886
9427
5189
803
3569
14205
8279
43
3352
10339
9651
10922
5371
6024
11154
11537
16567
10239
6226
12542
8679
14408
15055
15617
9914
2556
10208
15233
2107
1925
12234
15365
17863
9142
945
17887
4187
13441
18066
17094
4437
2915
45
8862
16305
8781
5332
4641
9559
5879
7623
11478
12753
7466
13434
11291
6756
14621
12562
17678
6467
9018
1559
9069
14674
4895
14041
9449
471
16044
4298
14917
10472
8907
3886
11159
5587
10100
11490
4208
16534
3342
1740
14654
14728
7917
2695
10008
13817
13122
14357
3103
5354
15049
8304
1588
4836
10534
8255
9675
9980
7198
11353
4034
2497
14931
6643
14766
12082
15132
7220
12632
3252
2258
11931
17161
6987
7007
17892
14535
11919
4102
18034
1528
12860
15818
17026
9243
11527
4617
2241
10269
6671
12603
9426
16090
10159
14506
10461
15858
10171
4235
10278
7246
6857
5473
1484
15847
14221
606
17657
17229
7435
14559
17975
10726
4671
9408
14270
4961
9466
3698
17216
4174
3493
17316
1512
12710
5199
4970
5001
16660
6359
7700
15194
9803
17169
3727
6776
7420
5889
4127
1909
3226
13882
9245
9933
9679
9514
88
16416
13793
2315
7035
12242
1155
7057
6824
10696
6879
8098
3520
11273
5782
3457
2563
2981
14084
6683
4593
8111
15375
2952
6014
17018
3344
15251
16544
9283
5368
12254
13142
14746
17813
11151
12443
15420
12643
16136
17650
15440
9192
4053
9060
14707
8951
10768
327
15171
1289
15570
6449
1714
15485
13348
6733
2642
10731
7620
17152
6006
6993
9766
7731
11487
15655
17234
8916
1207
5191
2715
17680
995
1378
10497
4406
8306
11489
4016
13748
9264
4780
2120
12028
13862
15400
12208
11411
2251
1846
13448
14031
10131
8094
10587
7705
6123
4484
8562
16142
8756
8977
14373
576
2687
8144
17031
15511
8504
6316
11397
4527
7998
4193
7632
7341
16886
7530
14380
8433
5641
9445
12888
6795
2224
607
18000
12635
11440
11891
7474
1010
4354
10593
3711
14261
17190
14682
14588
3755
5219
4084
604
7080
15965
12694
12424
3513
11682
10040
10714
17720
11242
1312
11492
12699
15823
14877
13100
1670
1181
17222
8854
10097
17021
17047
17783
4719
2840
6711
14175
9063
13029
13239
15231
1678
2275
9100
2431
9617
1698
17883
8824
2082
14918
9999
15536
8795
14902
8787
6982
1156
6222
5884
1621
11634
6458
2827
5643
17081
2852
361
10783
8049
17673
2656
6169
13625
14909
7684
17391
2850
10793
5546
17361
15986
4735
6590
15814
11843
4247
11383
15956
4880
6943
5173
2179
14652
11187
11704
13611
1119
14744
1343
14716
17953
10709
4087
4171
8459
17318
9592
8057
13383
8866
3288
14579
9335
9638
3003
3076
4645
14203
16364
12644
17123
10764
11385
10031
8059
16668
14784
4112
10378
7977
13432
16039
2560
10632
6689
4833
4799
7311
241
10757
11518
2528
17058
15572
4227
17682
6307
14068
15109
9252
12215
8727
16
7346
3927
11089
13108
6487
10397
3890
15871
15835
5334
7319
797
1481
845
3667
11115
4002
315
13550
10026
12054
5261
9955
9287
15103
15019
467
8816
14306
15994
14445
16379
13566
15463
5651
4408
11452
11374
11338
12402
4771
13869
4568
16096
9830
17974
6148
7848
4785
4604
5835
12282
2297
5313
9403
11865
13192
12704
15935
6132
14000
11439
9945
588
5018
7729
9817
14417
9214
2777
10240
5761
7990
5123
4943
13692
11748
6707
2701
7514
11965
14478
482
9897
13035
17715
2020
4101
11189
17880
9962
16991
7118
15675
5762
16712
7829
15042
9485
8598
17411
12222
12834
8166
2904
5824
15792
15477
12537
670
3276
8008
16942
13294
9695
9330
8180
6827
109
7152
12821
14900
1146
18086
3759
580
6011
12255
9147
11373
5942
15442
16000
8063
17960
7653
4177
11043
9185
4487
3839
17652
11777
4610
12864
9025
5849
9073
4045
9351
17472
4856
890
15392
6763
5331
4712
14459
11611
2217
17804
13009
13476
16955
12365
14856
14518
15925
16470
10085
7956
16275
2185
605
6351
17233
4391
17141
490
12713
12839
3227
16928
9481
15150
11805
5370
10870
3471
3794
2771
10526
9700
10800
2608
6512
10878
12677
16841
9869
15845
3267
16826
1072
3108
1564
951
11591
16717
14169
12787
6760
6954
11637
9148
13112
17176
4439
1315
7838
5521
15680
17314
2722
4367
15045
17681
12774
4706
12937
3492
2382
16778
3202
1404
6453
12500
3832
9117
3473
13013
17934
7369
11119
16787
9728
2158
3144
8073
1657
12503
10545
9740
16008
2279
5008
16757
5139
13413
9163
12706
9746
10834
5160
16620
3833
2594
8361
65
9686
14164
10884
2114
9710
11018
2831
10683
5750
10794
12336
1182
14063
7250
10360
10198
15821
4902
9949
13964
10814
1656
2759
5246
2713
17950
12317
12109
15590
11747
1490
10998
8671
2108
4292
3811
10748
16510
15824
11427
7724
192
10185
8998
10563
1051
1262
3045
18077
2409
688
8644
1096
12745
10178
17249
4743
14335
6740
17334
4203
11696
9098
1056
4734
7192
12488
3652
13245
13806
3425
2821
381
10096
5913
11565
15781
9363
15686
16569
16816
9845
10340
11707
15285
9761
7394
4854
17182
6347
23
8272
2131
10712
8432
10574
13353
16056
2147
16835
8782
8768
800
2060
8435
8495
2513
17001
16798
9691
5181
13916
526
18026
11453
5255
857
7358
5233
8721
9813
1612
9464
240
6540
16842
766
13528
5375
1410
1358
15774
8989
17664
2644
4777
13913
6980
3033
13618
16125
9242
15807
283
1883
12015
11420
11617
6204
13861
9678
11044
9511
17529
12461
6365
16529
11877
3459
7226
17924
313
6570
7259
6401
5625
10409
17511
13502
13678
14525
7251
8326
5166
2829
15826
5664
2703
17404
12497
7445
10633
2334
13120
3281
7685
10985
13695
12272
13438
15888
942
10172
11172
15833
939
12617
2751
1073
11000
1536
5486
15840
16452
10059
17228
1290
15689
5152
1121
59
15294
3058
18001
11366
2612
8649
1478
11924
16659
11839
6066
8601
12626
5228
8348
8053
6876
6431
6155
18028
6074
9706
10300
11433
11249
2017
9775
8708
1219
6208
2847
6146
2231
4420
15868
10692
1369
14093
8494
2300
11993
17187
11359
4362
10516
8845
16521
7664
15600
9499
15209
12333
11014
3165
10583
7312
9231
16273
13216
15434
12304
1392
5376
13792
7293
10605
4438
7590
1468
8187
9771
11303
17157
16046
8911
7478
704
2156
11655
13912
10913
7635
7980
15333
12509
9943
5090
8434
2230
739
8209
10621
4104
11019
12556
8572
3629
9012
865
6914
10488
3375
6350
17242
11201
5443
12063
12667
16538
5873
2099
3490
16972
8051
15266
8767
1317
1299
5693
4447
16837
12262
7515
9603
14272
17349
18002
15618
1157
809
6820
13796
8953
9895
10549
144
203
5388
1996
10255
562
8274
16771
4793
5272
12354
1709
15596
15599
4618
4615
4508
13667
16293
8835
15988
12318
10967
16860
17637
1327
1493
15165
13584
4479
10024
15619
10476
10221
12191
6114
17812
3611
14946
6830
13581
5286
12379
14242
15752
6657
1862
7931
775
16360
10408
4992
5245
11675
6065
419
4015
11907
15130
2658
17992
3489
2139
16975
13950
5611
6666
12446
949
12431
6026
8225
12410
16636
11612
9448
10225
1337
1069
90
16503
12771
17866
11908
15886
6368
6002
5295
14513
1768
3870
15115
14296
83
15200
11031
5638
3149
15315
11350
11929
4467
11005
1430
12319
255
651
9772
13993
9380
5217
9478
5740
6732
6175
12918
12059
3278
7030
3558
2816
5564
1896
14251
12104
2983
4782
14243
1252
5675
11386
4363
929
6614
17475
15605
9628
13516
2013
3041
7618
8830
8437
11244
12642
1449
3710
14749
5857
13989
14762
4236
103
14936
17878
16176
17695
5
6009
11857
4183
16345
18
7448
871
5058
14383
4653
14017
5343
10704
10679
15834
9821
6698
16234
15052
12131
5401
13497
14214
1267
16252
6206
8295
1008
8121
13979
11130
2449
12016
177
17955
10388
5881
10964
17290
15798
13518
15852
15212
18043
10699
2443
17121
15145
9338
4756
6979
8956
4415
10399
11578
5666
8257
10365
10639
8350
3122
16751
9814
4569
2232
10940
13338
13469
8122
1537
6873
9067
12707
2201
4185
5712
6624
10761
13633
13490
15007
9034
8353
17654
16382
15451
2188
12080
17230
12165
15268
6224
14206
4035
4745
10495
8354
11672
12593
3488
18088
12207
9799
13879
12991
2995
2390
13717
11769
452
2399
15234
17022
9152
7948
13768
16610
7652
7750
10973
15356
15901
12270
16462
16386
13980
1324
6378
810
11797
7257
11217
8976
6484
4981
8511
13329
15462
6921
310
11798
8882
2299
12322
518
2546
777
16776
8877
13492
17168
1386
10946
11972
14964
12375
11829
7862
11177
5837
17811
2213
14047
12129
9742
15186
13957
12558
14207
7150
6507
6095
2917
14130
75
4132
2509
16411
14585
11568
13818
6003
5474
5299
9672
14006
9641
1936
14884
13853
11766
11580
15625
6858
17862
723
6454
1447
3130
1200
4454
11476
15321
16547
11854
9801
9174
8750
17138
14523
16909
5409
17572
4882
6335
15181
11231
7351
10758
17401
13775
15009
6389
12657
182
17247
12932
1301
6017
15853
13107
15256
5876
10721
11771
9065
12948
14765
6354
10879
11289
15993
15598
1808
16680
819
10943
6986
10742
12123
3228
8548
7195
4626
17278
6210
3247
8695
12261
16433
10452
4915
2136
7185
17904
7852
3059
7348
14454
8481
2685
6965
12450
5223
9352
2966
339
16383
14449
14595
6288
10698
9673
15682
15640
11863
13486
11499
15090
15299
3873
2708
12523
14752
13504
12151
14709
7552
13307
5559
6691
12239
7165
9917
3295
8947
16656
9020
10072
2868
16381
2106
1406
10676
6531
2254
5652
17653
5377
8886
16777
7540
16962
17947
16062
12205
3618
3414
13389
7307
6481
6860
458
7559
10589
2426
134
8289
7368
14050
7120
7912
991
5988
583
14019
16676
13571
17642
3450
7219
12527
2218
10063
17090
14562
11308
1012
8759
13280
1032
8987
17151
14517
7651
11326
17163
11876
15898
15697
8394
11164
7863
17194
10393
8469
4535
4767
5529
16997
4705
11088
1835
17203
9770
1379
12160
13140
16635
9257
14353
7422
15185
9399
2471
11986
6420
17019
516
17408
12649
14463
3587
544
12850
13578
16613
574
5851
10697
14571
16814
4409
1082
3001
11436
13698
1031
1881
12756
14078
13437
597
15219
14950
171
11087
11663
3395
6257
10465
9712
8755
2861
6063
10785
2478
15280
15894
8505
4603
5007
15890
6735
14521
2766
13586
12996
11956
7034
6153
8479
1029
1903
10017
13588
8486
13918
11630
9885
12472
936
12081
14556
2155
10809
10128
8573
12370
141
16082
9718
12671
6357
2144
7230
8957
3253
15064
13704
10657
2737
10405
1500
13903
11776
9487
16700
13115
12011
13207
850
12524
10847
16572
3885
12427
3736
3668
10014
16474
10551
5180
12762
2545
9791
14141
12404
13461
2784
9480
9951
2142
1025
14112
2384
5792
7090
8567
1665
12200
8474
4879
7402
9590
9940
16355
14177
2856
1739
4810
17098
3477
193
15474
7110
124
12885
641
10217
11731
3609
9388
2314
8637
10812
6702
16741
15491
10142
64
5493
10707
2517
2837
17724
13558
1283
7901
17257
5531
3563
12887
14191
11601
9493
3862
6162
17097
10619
3219
5904
9097
13133
1291
14524
12775
7308
16994
6337
346
1187
17011
5397
13454
1047
6418
15699
11287
1049
2764
3778
5472
16667
86
9826
14097
6039
15937
9920
15022
4733
5516
9832
11546
7978
1931
6451
4067
11780
3291
10427
1135
13953
14151
9031
17716
13046
14072
3478
13339
16690
6160
11515
11114
10061
2851
5634
17927
8153
8709
7707
5609
16957
8701
11161
8846
941
14404
336
3729
6519
17998
14231
13706
8000
8965
9371
10609
9044
13567
13904
8533
10041
11165
9608
10141
15690
3340
7967
13574
15403
11851
10820
17913
11042
15843
16340
15711
12701
11007
5423
5731
5318
3385
5514
3066
12788
6646
7186
5615
17972
17693
4763
7973
10307
13333
13926
11495
3462
1622
404
9571
5920
7735
13337
7001
11873
16543
10315
3882
1489
4723
16492
10947
8717
12439
1138
17964
5658
12874
8458
9602
9497
10914
16048
740
12654
10282
12810
799
1232
12831
15609
8457
17299
4695
15982
13631
4216
8410
15806
2775
12140
4494
9585
17209
5672
1923
11540
9488
16605
14189
14504
5044
14619
934
10380
13226
12419
4060
1209
11321
3182
17963
7354
12095
11626
17111
11500
3972
6769
15861
14787
11721
5552
11028
5859
5003
11535
11170
478
15794
9708
10289
10622
10317
16525
3222
17075
17694
17489
13135
385
17192
12785
16188
14578
15170
2
12184
8586
10723
11684
11293
17089
16143
6612
9156
17534
2970
3957
17237
15385
16977
9880
14180
10311
12547
6945
6489
3834
308
11067
1398
496
14507
16239
9719
16167
14664
2138
9154
8480
5670
12376
1470
12374
8544
10058
12350
11550
17748
9202
2551
6777
12321
13891
264
9810
16067
9468
4829
7069
16791
9724
4464
3686
12465
12737
7239
15703
12407
12801
1132
449
2126
8645
17219
6091
16558
12732
9773
13799
15067
1344
13617
16916
10420
9969
9369
3090
11336
5069
4480
16920
1081
13016
17698
5612
15661
9444
6187
12975
7853
6838
1420
17214
11368
12964
13985
7600
14382
11525
5685
10177
10521
4669
12283
5302
10652
9213
16032
1819
7662
10355
16804
17985
9780
15208
6113
7539
476
3807
15977
4073
16745
17333
17532
15293
13945
8375
13270
6145
5600
7879
17713
7771
8803
4315
13484
13907
3831
12687
15277
11646
8723
6725
39
9086
11163
17628
17625
15797
4116
11494
9383
11266
3366
6217
8097
6706
15247
1275
4431
12072
1241
15322
16553
12244
14624
8404
7783
11636
14115
10183
17300
3439
10398
16702
2994
1074
4144
11569
15369
16353
1307
13508
2194
13784
5915
18073
289
9377
13592
314
13908
8966
4758
9265
8425
1682
14426
10544
7663
14173
10187
815
16495
14249
919
17784
9262
14509
10042
13512
8117
4788
16075
2898
10539
16483
15775
2578
10749
5773
13680
2357
3187
5637
10938
5817
7140
11882
2122
6223
10520
1504
345
4029
8754
7471
14264
7749
16486
16201
5632
4806
13144
7249
14109
7361
15111
839
5846
13174
398
11501
10686
13055
8315
12619
12291
10765
12216
1422
13672
16254
14351
11770
9918
3685
12985
33
11185
8626
9831
16721
5053
7275
12462
14325
4753
13330
2377
2482
11200
7325
12453
3919
17535
9818
2316
14547
17379
1402
7579
10647
16530
5556
10862
12931
9633
13804
9220
15053
2620
11964
3151
5596
11322
10594
5037
11551
10669
16859
15102
1800
2369
5575
17463
4835
768
1126
9872
12469
14144
5887
17733
11764
7584
1474
11922
11156
1611
5128
5620
4635
5794
15302
2096
8806
2891
2210
9113
12553
14330
10037
2793
16244
14268
16921
14613
4460
15767
17199
17588
147
9501
12493
15678
6352
9164
10256
14606
15429
12083
14938
13541
12335
4914
5653
7856
17915
8508
12554
5273
293
801
5616
7123
3128
10606
1667
1011
694
2000
11861
13402
11402
13203
10290
14269
4876
4690
3956
15189
6070
16617
13893
13257
7286
15107
16124
10703
4103
2986
2568
12945
6874
14700
8761
12057
5117
16091
872
13367
6900
911
11632
16138
10762
10093
5971
11832
5042
11514
14037
1130
15275
11806
11188
12416
2405
1757
5763
12363
7050
6068
6072
1647
1448
15723
10638
14196
14285
7614
10272
16418
6682
12065
12301
16603
10710
2602
4697
12600
10229
9800
17553
5947
8413
11899
10885
11662
675
5116
2068
7143
2295
7738
17624
16249
16807
5540
14142
9288
13619
9431
14334
12324
9391
5381
7483
14741
5826
14001
9581
16148
6138
9218
1414
16100
3961
5533
11892
15378
1059
11068
17217
6205
7974
3464
10188
7719
17418
95
993
9467
14671
5855
15013
16849
17760
4050
11459
12218
17753
11898
6673
14136
13883
11193
13582
9701
15167
3606
12411
12343
14178
4446
1772
9711
2616
4600
9627
13070
15155
12532
4066
16855
8576
10565
7833
6623
17317
5101
15905
12477
13277
10301
3396
2236
6479
10345
500
12389
17074
7826
8580
17421
4759
3036
17633
14957
6078
5399
6522
10559
9165
1872
3849
16094
3454
7677
15421
8945
4819
5770
15479
12426
17610
11410
7867
17894
12219
175
7052
14520
84
17596
10597
13758
16903
7072
17492
1613
9491
4974
9866
8253
4928
6457
5038
7395
4192
4844
618
3752
774
6778
10068
11137
13496
16033
11545
8730
16974
4809
17573
2544
13624
15147
17172
16072
6606
14388
13310
7237
9828
7119
2448
1580
12299
6892
12288
17202
15981
851
126
1762
3129
15777
15645
2974
12400
14102
11951
14213
12149
1238
13301
2724
1097
7606
1904
15704
4597
14712
15362
12243
8689
6343
15414
16937
17154
16284
9864
12830
7777
3647
4774
6647
8476
12045
5387
309
7788
7271
12130
12533
9682
11593
13919
3781
10353
10500
14913
620
13143
17321
5464
1134
6171
11106
7589
14656
6716
8653
7021
11155
4228
11567
12544
13962
3142
7232
17372
9953
27
4589
16450
4791
13553
7105
4601
10280
10603
1787
17156
46
10412
17872
13705
10264
13482
1502
1545
16971
17632
10533
14747
3405
5436
11697
10329
11987
9168
7880
12735
5636
8635
15912
10568
1976
6604
5269
12366
8119
15457
4699
17994
2907
17448
7486
17594
12069
5208
11211
10801
416
9203
3251
143
1553
12898
11872
3259
7714
12341
1913
16288
5885
5073
13395
5059
4802
17473
8320
9787
10987
6693
11205
3318
15683
12531
12344
18101
10898
5621
10892
12566
17911
11327
7026
6338
10968
17051
13593
235
14280
4466
15286
13034
12835
7033
16854
17923
17281
16264
3588
2071
5205
16036
663
870
14630
9145
7660
15715
1565
376
16819
16953
13344
3682
6822
5190
5911
6402
14056
14167
3567
5465
7983
211
12634
12236
15551
10644
8614
5536
7528
1434
10453
10418
6059
17060
6320
12584
10741
10044
8540
12029
4513
17295
12637
13356
3157
13529
3615
17531
9167
5787
1939
2719
16410
6636
10939
12968
14288
287
1829
7708
3816
10674
3127
15077
8924
16469
5051
10354
2889
10836
10202
1914
12886
963
15521
11192
13451
5607
1874
3917
10147
3760
11866
8630
8829
14679
9959
14736
9226
7581
1847
17690
11846
9314
16831
7176
9681
3532
17376
11105
7721
66
6741
10336
10846
5468
15962
11272
15621
5788
10120
15168
2067
4832
5490
15672
11719
10803
14437
1463
3322
8808
5655
13098
15352
15766
10813
16365
17521
11638
11126
8964
3549
4951
1673
8520
9793
7447
9376
6819
16291
1572
12275
9215
6569
2245
10735
17776
11263
862
15713
9892
12102
4361
749
15718
8226
13885
17076
372
8112
11817
1546
1266
8047
17464
702
9739
5402
1697
5434
271
3758
4088
1149
16077
16186
5715
17224
14396
11463
6344
17648
827
15659
6488
58
3145
9696
8716
16412
3522
10276
5743
3979
11429
9358
11421
16372
2041
7591
17344
3410
15773
1225
2519
17003
15017
13693
4377
5080
4794
4898
14086
15914
14772
15164
5006
12460
3590
8083
14367
9812
17898
2819
6895
13373
16670
16652
16648
2786
12014
8542
15664
10039
4036
15447
12459
16549
4416
16531
11716
15105
9798
3830
4006
17397
2607
9753
5645
3075
660
15972
8075
16641
5466
3715
4316
11465
15878
10744
3654
5772
1606
3032
3837
15092
4128
630
15611
14791
11072
14265
4244
14244
15320
13665
5448
17263
11647
9028
17618
9324
7883
2070
2242
1863
2055
2529
13374
7770
2187
7834
13208
14083
13632
5346
5975
3516
7191
6835
11847
16211
5673
894
13798
8556
14960
12480
784
8401
14163
11171
4335
17208
1642
10050
13315
1218
7626
2162
9611
16375
11848
10540
9443
10400
1655
4630
2115
12340
10567
6239
439
13747
12259
14125
13544
16120
12592
1105
15335
5741
1264
17503
15327
15295
11842
16747
11224
8715
1790
11631
12890
14908
11653
5094
17674
4211
6082
13984
10818
6450
13902
17235
4349
12089
11076
14127
10401
2561
592
3949
17087
15506
4947
12110
1433
1661
6635
8004
13465
17800
9854
6201
8778
15760
16141
10717
4254
15953
13372
17875
10322
5400
7906
16422
7638
16092
12942
16083
4959
2451
5220
3099
191
11984
632
5114
17727
4532
13714
9781
15707
5839
13183
13934
15259
4072
4069
2733
1961
10385
7860
4784
3545
3268
17420
9734
14503
15992
13384
3730
13634
8258
14122
11398
16059
2838
8450
5012
10733
8077
9804
10689
154
12501
8384
7672
17544
11830
17368
14954
4725
5091
11699
1395
4748
5856
2537
11683
8990
10163
7122
15482
8218
17280
10578
10625
2975
5078
8001
16301
7329
12143
16802
17954
7481
1019
7661
10243
6506
17675
17981
8913
13458
13871
17327
5941
6833
15545
12392
11416
6908
15282
17707
16956
15146
288
5776
1276
8472
12139
16505
3216
12421
4957
5206
3485
631
10080
473
15140
6692
15154
7610
10285
13210
15353
10957
7495
9356
11288
5989
14903
10734
13696
10841
5151
5957
14188
12018
9420
525
11959
4249
5760
2648
2543
3951
4805
1855
7106
13426
13399
13428
11195
16073
10543
11706
16871
11254
16591
5308
10270
17517
9510
14568
1920
5860
13281
11860
9860
17360
1845
11818
7875
8423
16297
16042
12703
5863
4688
15864
5027
9938
1738
17697
7242
13440
6867
13031
5374
12040
3016
4911
16565
6704
7376
17864
11615
11486
12188
8564
13443
11400
11531
13272
15237
14753
13884
8084
12464
13583
15489
999
10479
17795
12522
11744
2477
17380
3056
6019
9644
16833
1192
6524
14415
7801
14082
17481
7736
16998
11820
4199
13968
9278
6073
1625
7981
4622
4665
14378
17635
4071
12739
9685
7107
6096
9411
5016
16101
11576
16309
17754
17425
7272
6116
16724
10920
5361
9689
2285
5333
7884
10129
6668
195
8242
11276
301
9179
5386
11651
12529
3600
10909
10977
12966
1994
1973
4364
17666
1966
14482
1636
14617
10303
9498
7428
6355
5690
13711
16925
818
8563
13283
2044
13075
4614
7849
4675
9313
2883
2343
14457
8946
16224
7722
12686
17967
16644
16241
10411
2043
8813
4225
5430
5553
16759
17906
3246
1265
7871
10857
1399
14345
9387
8446
2077
11902
4605
18061
587
8860
3863
7564
8697
9640
10780
4642
888
12604
1922
10719
15724
1354
12119
13471
15811
3254
1522
11581
6938
3533
16294
4268
17587
9988
5595
1263
11755
17382
11074
15729
3665
1542
16557
17528
6748
15812
17185
15475
15492
7645
8629
408
7166
14497
2274
210
11210
730
9958
13236
11645
15133
4007
8391
12924
7499
74
15346
4485
11168
13596
712
15904
3810
1269
9003
38
11071
12784
1248
2133
8639
13750
6915
700
12468
4754
1196
3707
14322
3258
1626
10419
2095
10917
10701
5226
7159
16223
8986
10064
5950
16396
14647
10173
6417
10424
17891
7014
4766
3326
161
10659
17896
15503
304
4939
9974
6220
2566
4424
10932
17099
8648
10830
13091
17970
3815
14348
6041
16459
10069
5818
5970
11668
10403
12429
10796
17620
15454
5186
4718
15714
3387
18020
3502
414
3764
14198
11079
7108
6333
18074
11689
9271
1605
16622
9643
14403
8729
9460
10784
11952
12253
17370
7303
918
573
17519
5251
2788
17319
4616
7321
18048
1436
1570
6060
418
8497
12246
1431
10222
6826
3645
9321
9903
14291
3971
11523
16229
6859
13933
10911
3301
10588
10585
15476
10774
15030
2508
2034
9687
4997
374
12053
807
2953
9667
13024
14350
9865
9019
17487
4504
318
2859
4201
11406
16654
11963
9985
4013
12521
7089
14421
10391
15867
8612
194
5503
16481
3413
8746
9292
14629
3571
6901
10407
10119
5703
13716
15144
18052
9298
9975
383
655
3463
2403
8771
15702
11757
12195
11944
17977
15183
11737
18030
4488
12920
678
15813
729
11705
6628
5738
13435
16504
7819
16872
8974
14813
18062
9881
1116
14200
18103
13976
1568
13306
11307
16041
5234
13552
9568
10207
17050
10193
13158
2278
13394
1957
2103
9857
8227
7412
720
13892
980
2813
7920
2344
667
8191
14695
922
16088
1741
1188
16612
5456
8919
9764
10273
879
17820
15387
4571
11782
3798
12798
16053
12582
1801
16129
10771
17120
1452
3406
8355
12211
16615
16322
4714
14025
6757
13954
12859
6377
16477
1223
2623
12153
15351
10675
14255
6672
2292
10790
10457
16066
17212
14356
12090
5630
15808
15116
12173
9512
12638
204
11552
14065
14546
11370
15970
3139
5364
3320
16276
16606
12685
2265
10176
17440
202
7727
8203
11098
4038
10819
16328
17067
9560
6391
9524
13677
900
2186
9281
4022
4388
11966
9669
10915
413
15819
12020
4673
10089
14149
5785
12851
13923
15708
3962
5076
1164
5187
4717
15169
10661
16456
8243
13444
4214
16146
16439
7115
4741
6397
11887
6289
15597
7800
17723
16932
5687
13037
5604
14594
9572
16865
17646
11743
17578
16711
1194
15197
8828
11365
10615
11543
13417
11241
2763
6040
5054
3434
11625
15946
9745
1998
8534
9993
5507
11836
13311
13537
17619
10328
14567
7479
7756
5241
9567
16828
15779
16218
5300
249
7009
773
14435
13043
15658
17671
11277
10253
5492
17071
4866
837
6665
6115
16710
1139
5311
16931
7255
16520
4323
15349
11750
17563
4869
16877
16671
3242
2843
16010
15820
13038
9819
9748
17432
15178
12010
16868
223
15086
13304
6370
12052
16685
12621
242
10462
6441
11822
15535
3314
9029
9779
12743
17221
769
6293
4155
10235
840
6808
4046
11930
11604
15499
14575
9930
17356
13499
754
826
10569
12995
12064
17255
16277
1515
17603
354
5154
15079
13664
15348
10855
34
14387
3580
14081
8794
15850
10406
16434
11781
10310
11868
12791
17269
9071
17987
17113
6282
1831
16908
3726
7989
4542
12355
18063
16296
3557
15651
4703
2263
742
3598
13078
12826
15816
13807
5153
15582
7845
15253
5461
4491
5188
12004
2128
12062
10489
4162
1898
17462
15163
5723
15422
16823
15508
5229
4173
713
8651
3983
6947
6181
2524
14402
3523
8657
10506
12463
17524
12349
9597
11226
14327
6199
6594
17274
10496
1197
12510
1270
14055
17291
13218
9458
3648
3117
3160
11237
5167
8179
224
10110
11357
3799
14943
9047
2632
1706
14412
16822
7936
15571
10893
16153
3487
14732
15493
15765
9755
10182
2446
5127
12006
15020
6724
4834
15203
17775
10035
8978
3201
13715
1969
14724
4893
14241
13391
13585
17394
17601
1583
16174
14418
10432
17649
10060
8733
17375
1640
5551
17005
11100
8893
7687
12122
12928
17823
12070
4722
760
4596
4976
14223
15748
13390
15100
10881
14476
4907
17586
11542
3345
10312
983
13326
17140
13642
1668
2467
12120
15931
386
8871
5106
6853
15006
6928
17057
12026
13255
14183
17366
10858
3274
5041
12269
15496
3424
5109
12596
18065
15642
3306
14967
14577
16501
10848
12574
10395
9341
14882
13121
6619
152
3292
10350
2886
14644
8485
15684
13010
3898
16493
11261
17040
17577
12146
11213
11041
10601
16805
937
1513
10374
4547
14576
4140
12256
12840
14718
13264
10371
157
11268
5804
16231
16532
14522
17073
5413
7945
5907
3530
14663
1294
12138
1921
10368
8720
15670
5061
17507
7888
10769
2470
1767
2253
17766
11875
915
9309
13723
13224
14637
12049
4094
13318
3780
537
17116
13087
9479
16497
1459
863
6887
2132
9715
2433
10362
14933
13639
13219
12684
13978
12278
9730
10266
10192
2192
16161
10446
17400
10259
6000
14332
14121
15205
16285
3622
4590
15372
1788
17526
7543
13744
13052
7647
13728
4263
4648
1719
11795
3631
4921
1040
10469
11607
8819
834
14042
232
17454
12757
5838
378
10265
16029
2558
10864
14233
3803
12690
6934
16540
17080
14701
14948
15343
16726
6911
11066
10850
8672
9015
10107
12796
5684
13102
11206
12904
13909
10073
7940
15553
14329
4922
13439
1316
9639
4428
5135
5075
17136
17414
15396
15085
8669
17243
1518
10694
52
16866
12136
17143
8514
12893
6699
18016
11859
529
10787
12118
14734
14016
17461
5168
15338
13175
15300
3745
17615
16614
6978
220
15436
17990
8106
8615
7627
82
14211
8698
8753
17591
1773
6284
11657
17636
13323
12105
6790
11050
15388
17101
16651
15448
10228
12334
9144
10482
9395
4230
3777
10047
2291
2428
16560
16969
12998
213
16222
13282
16880
17200
5287
571
16996
1906
16958
8566
15913
15043
15490
9642
9286
125
10972
14398
3910
13877
5198
6948
3969
8093
611
8797
7005
17393
10513
4936
12002
4421
16982
4811
10005
16145
14347
5247
13424
16830
6663
9922
10997
11382
420
3197
2622
13719
11701
8920
1180
5871
5036
13887
9725
3633
8403
15859
15438
11015
428
1853
5628
5973
7882
11867
7279
12623
2081
6631
2702
15733
6836
6286
4413
1567
15892
5622
15555
17330
1781
4732
8565
12437
6228
14495
4867
14508
9902
4394
10197
8670
10799
15957
16084
5416
5748
15070
5336
5518
7214
10195
13190
15472
10518
16280
3200
9736
9155
8903
17574
7082
11215
16300
5716
2597
7961
5126
2884
11621
7111
16361
4264
16484
1693
12074
8461
5705
17631
12747
16248
14195
16127
6942
14052
16278
14024
17449
8259
12871
16864
1529
5029
17505
953
15663
11587
11270
17806
17565
5910
10852
4990
1806
16022
2458
4156
11404
13485
9774
3946
11814
11008
17369
14469
11330
5326
10965
714
11768
15038
1897
14110
11664
14528
9084
2396
9554
10321
10352
10022
11016
62
960
12294
8668
5235
13347
4012
15533
15969
11599
6770
13864
5592
15978
1865
2234
5648
6240
5997
14419
4561
10740
12992
15244
13753
7450
14337
15370
4139
10464
17607
5649
14225
63
11470
272
2988
4663
12271
10318
2577
6505
14313
9102
4945
17763
10248
1838
17969
12475
12552
12548
16752
16311
6534
10077
6027
7613
8252
15983
5866
6605
9751
16040
1345
14430
24
3944
9702
14145
7087
13572
12639
3183
15745
12071
7059
13322
17737
10929
16068
15964
6494
16095
1531
5955
12307
14155
10227
10901
17600
12390
15620
11316
636
11325
1099
15909
7686
17917
9489
11046
6159
7384
3006
4678
1659
2700
6958
12152
8603
1736
6261
15537
13901
14059
16843
6792
13366
14527
11035
10157
6542
10677
11095
5601
1669
4297
9624
13130
10450
5081
5312
9280
13250
13291
17912
10189
16298
15367
11407
1128
3802
8613
13946
6093
17621
11252
17338
11003
13082
7601
14928
14488
13757
10538
4966
10690
14228
10052
16106
1754
11691
8453
14467
2264
846
5089
16936
14792
13393
3018
6088
14143
16894
1506
3975
10284
13228
12781
13296
9587
14496
4218
5260
11479
15460
18007
10656
4131
17139
16071
11230
13298
1937
17817
13855
2494
14771
5011
17797
5196
12741
9807
6894
6272
274
4114
2785
17796
11953
9815
16938
9473
459
16179
968
11985
14111
12401
11347
10342
13564
13263
11082
8831
444
4608
15003
12213
17582
13146
11778
8296
8826
11380
7851
16171
11430
17722
12599
17798
11874
10090
469
836
10715
15580
17599
6630
5305
8579
14234
17032
12428
13168
2462
14176
7640
14271
5014
15960
5002
7016
1193
16946
16235
5932
877
295
11796
14541
17641
7019
481
14774
15799
6818
9754
5722
12944
7405
6510
14970
10505
12313
13430
7798
10494
14551
16424
3064
4666
10430
3809
15544
15579
7541
13416
11556
12698
7892
12711
10732
2048
15054
6276
9855
9285
417
16409
8834
528
15034
13117
14658
14615
3709
9961
6190
12311
13822
11301
18069
18056
12561
9862
10560
1208
7426
1038
14391
17608
7775
6738
10716
1257
14392
285
8894
17961
4656
8312
13495
13042
15532
9849
11295
1083
3591
6916
2104
16194
15188
759
7761
13271
12474
4153
2869
17390
9976
5424
1387
11467
7382
16506
4465
5845
16869
16081
9088
11228
7411
6180
5210
9333
14448
11227
8509
8212
7674
13152
4538
10025
4694
12209
10169
6348
9353
13983
17034
17162
468
8128
1648
12248
14140
4963
17609
4252
11914
1035
1359
14901
1672
9157
13079
7171
13708
11845
13139
18019
5714
14990
13846
8931
14033
7927
16947
12993
15047
15963
12622
10174
913
12502
17819
17253
14303
6991
166
5771
11825
9299
16788
14633
16287
4434
18072
13299
17135
17805
10055
13638
12768
6147
16421
119
10931
4194
903
6968
1368
4594
5032
13834
8086
11300
10498
10027
13867
14338
5977
8488
13415
13786
7643
17029
15179
13914
14642
8738
8868
6622
13602
9517
621
12300
1866
7098
7988
15652
433
16389
12752
10829
2244
11849
13998
11053
17059
10854
3456
2065
15615
15742
12220
14360
17592
11103
14276
1972
13725
6985
13026
11698
13646
10294
11584
11511
4897
6621
13880
12750
4730
10781
13062
13613
472
14107
1891
380
1085
8694
11310
14374
961
2740
13267
7459
17033
14896
14461
3368
10684
17201
10980
10247
11339
5174
12342
10149
647
5833
10531
4855
13141
5510
15026
1999
12836
9295
3769
17025
4164
12408
16509
16934
15207
11399
2047
11298
17476
12953
4423
11522
10184
5998
13671
13468
16343
3243
3908
13351
17175
16993
1442
13297
15728
15934
1189
13682
3283
6996
14455
1910
11264
7976
6485
12348
10433
1183
12172
1721
4891
4530
8303
10201
2391
5803
9502
14555
3169
3982
10033
12284
15061
2140
3054
8858
11069
12337
9847
14609
7013
1168
5362
13126
3311
15325
8589
1151
10542
15869
11328
5606
356
12555
12196
10590
17402
11438
825
11903
11348
5544
11435
15920
4982
2329
16108
12929
899
8308
2830
497
15589
7922
15025
11925
6878
10454
5240
13487
10999
14034
11112
11394
487
4232
11059
3154
10082
10308
5944
9177
512
4342
10020
15648
6697
13113
3753
208
6390
17644
1098
6263
15769
16583
11219
6615
541
12115
13259
132
12838
15287
10298
243
12727
12359
3538
2530
7542
3970
6200
4691
17336
15024
1579
15192
2447
10532
12323
5677
3841
13134
16144
7091
17480
4941
5043
9
7963
9723
11468
16444
5358
12572
15583
16688
10556
2420
13230
14915
16858
3889
8162
11885
18076
11484
7264
11109
14105
14462
13931
4449
17639
584
11970
10630
17014
1469
11222
14657
6727
10791
9733
3170
8849
10480
13077
4231
956
3161
1917
15473
11060
14182
16650
10927
13986
16419
6513
4611
16155
13222
17931
12073
11819
14369
6497
14847
7144
5133
9139
17272
13674
10423
17374
13151
15198
8299
1170
12863
16362
5202
8003
6010
8109
6521
14044
1720
17982
17284
1803
8638
14932
17298
10220
6121
12290
9928
12858
8412
16949
10036
6880
11911
8408
14434
6813
6256
5928
8400
15804
5425
13515
16792
12206
3390
17119
15643
14620
11257
16045
9035
7839
17651
12882
13057
231
6562
1908
15918
5603
3110
16156
16438
6737
2767
15750
15158
5966
15272
891
17038
7355
18044
14152
5699
16729
12134
9947
8852
12036
1991
12780
8307
17385
9129
17053
4670
15354
8757
13547
5594
13137
3716
1360
4008
13370
15979
2638
10718
535
11622
13888
12093
10292
10695
14743
8793
5769
8680
17444
2614
10702
11006
3547
9905
16847
9722
17742
15031
453
7149
12435
12112
12467
9956
10203
3772
1556
7583
13150
11262
13974
2661
3539
6576
1298
2951
6300
2294
9765
3915
7099
16809
8181
10260
13679
13341
12035
11253
3702
776
13067
14352
61
16646
17956
12227
1988
6825
367
14945
16448
7533
2646
5694
5056
17750
11759
15616
14161
11528
5178
15118
7196
11790
7449
480
6209
2780
12662
17949
955
12511
17597
12862
6758
15334
7903
5410
15040
6539
16216
2745
2919
10573
7658
14500
8184
17919
11054
10952
17709
11048
10444
6913
14906
17667
9555
4815
15435
8362
2402
16732
4924
16384
7000
12973
12847
17494
9694
8881
10242
9937
3515
9729
12506
11913
8339
11654
14934
3743
3592
10995
15071
10194
10369
2989
15523
4986
11469
6015
13488
16282
11214
509
11505
13132
7747
17310
9946
10693
11715
8492
14406
6319
3700
5565
17
7287
15717
16954
1663
4792
14558
10763
17626
15732
14618
14557
15671
6482
4245
13358
1394
10053
10561
5040
17595
1675
17044
5125
7804
10434
10484
7835
14678
10826
4432
6890
8873
14273
16354
14499
16704
13718
10293
12666
9438
10146
18046
13703
4267
14788
14570
8915
15608
11434
17843
5120
11052
6899
15893
11403
14003
13749
7075
3449
12935
10620
7172
13021
2321
10415
13388
6976
9795
14074
13734
4
11676
16611
15624
2707
17559
14605
2456
14532
15759
3287
14717
3224
15803
7843
7676
10778
13779
1873
1163
1106
16331
10121
14768
5028
10767
2374
10845
9756
615
8334
353
12486
4019
12444
15945
10754
1110
7044
18050
11973
2747
821
13604
9850
13965
4899
18083
715
7688
12763
5954
16065
5342
4977
9270
13535
14343
16371
12843
7857
4803
10297
10363
13555
6097
1997
16945
16078
13420
9621
5137
3616
9030
15177
12088
16150
10032
5624
3221
12597
1554
1650
2173
15796
10067
7932
8600
432
10095
6771
10579
2421
2901
5923
15097
3433
10341
17286
15870
16500
6951
12378
17285
8599
14694
15880
16272
16821
4056
10441
15681
14226
10668
4828
14049
16535
2427
15125
15518
14212
13823
13124
16952
17072
1173
10381
5784
1195
12669
123
7028
10640
15252
14655
5729
14927
5045
11572
6881
17860
14538
16064
5119
14399
17428
16879
11548
16184
15899
10038
1543
10942
17810
14159
10467
15450
16691
3891
11094
17458
6587
14281
11250
18006
12541
14202
1841
2789
14757
6472
276
13279
4726
10154
15542
5307
17419
823
12100
1807
18012
4109
12113
4368
4946
2757
11282
4351
9873
14885
14693
6902
10083
9267
14485
15839
16694
12712
7937
828
13594
17508
14166
5460
7691
14085
11158
6767
3237
15919
16051
16929
15127
762
10277
14117
6045
14201
1609
14572
8799
16733
2037
5355
15206
1176
12792
701
145
8456
13452
3846
506
13866
15153
16347
3528
1616
9482
17438
1708
11786
4414
6983
11976
14375
3132
3924
14045
9632
17826
4797
7792
3617
17069
12568
10623
10136
8861
15083
13754
3377
5497
10546
9634
4086
12984
13819
6850
7855
8859
15531
8519
4944
9296
10759
12586
6303
10706
14030
731
81
9108
15916
12315
11674
4892
11838
9979
11135
696
17183
17486
1179
11693
5017
13960
246
3346
3653
17613
6603
15785
10153
10070
11424
13164
12590
10449
17692
7859
15676
10078
1748
7040
14129
9625
16923
11870
12332
8555
12645
17039
1725
2765
15081
7957
16863
14748
7836
5964
3072
14274
16874
13397
11225
8930
10491
16401
244
10456
17364
10233
15051
6246
4916
4878
8074
10421
12689
212
13047
1407
22
10384
14659
461
10258
15908
8543
1147
7406
15002
6661
17293
15359
16316
11101
16697
17821
16973
9844
13870
11212
11110
2304
9656
10782
3507
6686
813
15660
10214
1576
12499
1142
13289
9709
11269
16110
5992
13060
2415
16626
15239
11216
9968
15478
9370
16441
1964
1295
5357
9619
18011
16103
13673
10091
7774
14116
948
11502
11432
11229
7335
9046
10230
13170
9130
7066
8183
16449
17995
8608
10582
1915
10627
14475
7548
17023
17999
10508
2181
13302
451
6592
15595
11379
10958
14257
13590
4500
11197
16827
12915
17793
1907
10883
8857
14308
15441
11142
2717
6669
14150
405
547
17131
10206
8539
15552
9901
13379
12535
838
17799
10148
4674
10577
8241
11444
17617
14287
13074
16192
13731
17146
13973
3248
765
13560
12673
10349
16817
233
15101
9319
10825
15768
10086
10390
8537
2628
7443
13995
8702
12233
3835
16943
12181
1544
3883
13217
14645
7690
8825
13766
11017
11265
3953
3443
16169
9965
14798
14091
14267
11695
1388
15923
14029
5827
16253
9217
13155
8901
12813
17077
7129
1467
10139
11455
13446
669
11267
4962
16491
151
17384
11077
7930
9175
16640
11124
13097
12163
13836
12316
15764
3325
11679
6477
6218
15114
16689
14531
7
9876
12758
17496
11596
545
13498
3553
16995
10792
2512
855
13762
16795
9249
12003
8359
9896
7580
16796
5337
2445
16185
14218
12086
9852
12479
11413
3000
2993
12733
9187
15881
13988
5568
5976
13525
116
17996
120
13738
13025
15018
12580
12471
13048
10976
12844
6230
1892
13063
15342
17297
1326
8848
12990
15069
15012
2045
6843
14139
5799
14282
10132
11428
9463
17689
17928
11493
14685
8499
4564
13125
3540
1333
9394
14636
12589
17412
12084
15488
5576
12183
7174
17218
2961
13080
2062
10459
11183
15175
17396
17343
5494
8784
16430
5345
9123
5554
15566
6696
9153
2514
9037
12106
3
16402
4455
4176
2159
11804
12656
5692
16151
14875
16342
18070
1558
16052
10335
11813
10550
14631
14342
15924
10745
16727
12182
13460
4490
4572
11473
10580
12158
430
4018
12247
16906
9282
3965
17868
15865
17329
5451
9870
16986
13795
6442
12241
5039
14011
11594
5383
733
11570
16599
16881
15569
11113
3801
954
8168
13442
16517
8079
4452
6243
9925
6627
13167
11992
1079
14505
14692
8120
12264
1211
17220
9301
16989
15653
6395
4808
14023
12505
17512
8052
4980
415
10853
10665
10672
6701
15949
9237
5924
17959
9080
17527
7452
16191
181
5063
15073
10098
11178
10108
3843
5590
4017
11575
10252
12161
9950
9861
10566
13401
9939
16370
7609
17938
16596
16367
4510
13840
14266
6586
15161
11073
2237
10680
17260
14013
11541
6845
6712
4623
6259
10649
9162
2781
9837
14229
2130
11725
197
650
12358
6637
8710
12828
2735
3991
3293
13180
16722
2541
10592
1014
6653
10364
11118
15468
11969
11020
10383
9877
2950
10094
2483
14359
366
14977
14879
14279
13455
3426
10743
9809
13628
15039
5459
3858
9889
17064
87
13212
2054
412
111
13629
11775
7574
11559
12925
15425
6842
14801
7693
4595
17900
4149
4411
13894
1821
14515
4285
13644
3166
12075
10727
16299
3630
17645
14090
11412
9461
1631
15108
10528
15622
11563
16085
17991
16713
17794
18021
12591
6601
3097
13104
17506
5726
6492
14581
14526
15134
1334
17048
10642
3333
14118
1145
9367
11418
14460
15273
17997
11571
5182
11667
384
13266
14248
1036
9731
11597
9858
17779
9033
3718
15415
10950
2730
13359
10133
10030
15841
17738
17450
9705
11169
14103
12352
1820
7018
14156
12833
488
16338
9133
10992
16533
2503
6869
13300
10654
17159
11503
15243
13742
12230
10897
17264
13194
10882
11589
17312
13557
5605
16836
3701
1532
1581
15588
382
14984
6394
12079
5790
3608
25
15363
16799
12776
7994
10512
2699
18075
8245
13803
6382
15906
12633
8617
6296
16404
3107
12605
17457
18003
5000
10798
11061
4031
13943
16589
14310
17576
6112
15059
15500
14822
8912
13276
5757
7342
17870
18009
4904
6124
11152
1336
280
5057
14942
12372
7874
12386
11329
9263
2072
14919
14889
10503
5373
16058
13357
16563
7017
14126
710
7231
3984
7751
13847
12631
17916
10212
466
15131
4444
7145
1610
3188
9732
15381
4841
5713
14839
11700
2373
11107
6846
10396
9886
10224
2833
12312
12441
3027
12440
17803
291
17983
15786
3290
14035
1412
9934
8411
12403
16684
14940
17979
16215
6723
13472
15112
13045
10786
14480
3371
17943
16393
640
2313
10926
2434
7291
3937
6714
5820
12369
2021
732
11063
267
7076
406
1268
5577
16686
14590
12876
11134
13506
3199
17809
12360
13616
9647
16582
15746
3593
2779
7353
2552
7844
8607
11906
9898
10387
2332
13690
5024
9906
1943
886
14550
16645
13967
10117
18060
10428
3922
1093
12889
15228
14466
5023
12696
13524
10951
15644
15361
7500
7496
14046
13500
15883
13051
12094
5212
1254
5598
1877
11045
9118
14750
12800
205
15879
10827
13697
17028
16063
168
10517
12841
8962
9833
11234
16518
17500
3642
2134
4463
4336
11749
6471
14340
8914
10934
9983
14365
17759
7222
5700
14215
12177
17144
7494
9891
12827
12046
99
11692
14286
17482
11879
11271
5356
11029
15772
982
10216
13071
4950
7104
5285
3614
5482
15784
15487
9758
17712
8663
9986
14537
16457
11136
16351
11233
8541
4647
17659
10658
8484
14239
14132
11504
703
14069
11027
12202
4062
16744
4900
15860
13970
13459
10541
13355
10777
12609
17584
12564
8624
3899
4430
6804
564
15647
13830
14040
4119
9354
9794
12543
11623
15379
495
16087
17036
15010
6952
705
11513
15938
16398
5005
8938
12078
10215
303
17930
10547
16528
2987
16692
128
11529
9337
7350
12922
13889
3070
4372
11128
10962
15439
15751
15575
13868
13342
17728
12658
11520
15433
13689
6455
3930
15416
16948
5310
3842
17442
10001
16585
15902
16679
4724
14670
10828
16839
10925
4908
18064
13205
761
18025
11808
13148
16038
13081
1198
16238
16086
17575
1409
13364
6029
15202
2419
17495
8048
1471
12866
12295
5933
5768
10662
12708
7083
11049
15380
11853
16539
1525
17745
15793
8440
16043
13303
4984
6404
16251
3544
13942
15594
17012
14891
15390
11547
14944
2590
16848
10596
16243
11909
15698
13724
16131
5972
8752
6681
16242
10628
11313
8949
14686
13072
6013
9266
12746
14238
8105
15483
5298
6126
7228
7563
17488
13314
15954
1635
10103
9910
11299
8666
4935
18104
4677
14720
17922
13172
3412
17815
17789
778
2671
15576
17004
16344
10811
935
8282
18087
9981
10076
5021
1472
10071
16786
15896
10327
9867
13085
11355
12406
3673
10104
15423
11047
10584
17302
4113
12517
4005
6152
4905
85
1627
13878
3909
15048
1482
892
17513
14721
10386
15996
13400
5095
11938
8970
12923
3887
14407
10738
4662
10323
13621
1117
16274
7248
17717
3384
10876
11810
17630
9022
9767
18082
13463
10887
13429
2903
11097
13531
15311
4842
2575
8620
4988
10634
13510
12939
6028
15771
567
15567
17407
11425
7074
10295
8618
11174
17739
15907
17331
7599
5870
662
1423
1764
7947
10961
17510
7031
457
17468
4078
13005
394
4949
10422
2971
7642
10084
15701
15554
2918
12043
4533
2172
12967
13286
9784
2153
1107
2984
15942
10688
11574
8880
4933
16406
11084
2389
9936
16541
15289
13977
8344
2925
16177
17371
5155
13709
12648
17086
15270
10711
8468
3215
5727
10899
4934
9926
14930
15260
3081
11306
16482
16397
17839
5121
15160
6198
9808
16750
2375
12873
8982
4853
856
10125
15236
14726
11209
14886
12362
7037
12588
15577
11258
8050
16883
16250
17459
15099
14755
10866
9994
4795
5780
8609
13371
13363
14735
2476
16442
10722
17383
7367
15530
12748
12803
9664
491
11613
5891
11125
13182
13760
7175
9570
17884
9762
2301
3017
10681
13246
16428
15041
13900
6304
10213
13231
17685
499
9759
852
12484
8763
3950
17683
12614
13874
11039
15967
3661
12126
12577
2383
15801
12258
6759
3620
10348
14560
17704
17762
8611
16325
16295
11144
13187
6277
18059
16055
10122
17907
14004
3623
448
10772
13821
12385
14376
13809
17986
6234
15522
12779
10966
10851
11506
16915
12650
9392
1817
15028
12274
12697
9698
11665
16526
17000
4165
35
13612
11236
16985
7131
12777
17550
1535
17516
18023
11896
12107
12133
15121
10209
13223
13022
6016
5922
15344
17658
16270
14039
3934
12943
4948
12754
8285
14077
786
3589
15515
13538
11223
5931
17984
15565
6789
16850
7508
10049
16255
3506
12852
407
755
7313
12551
12037
9007
6700
8451
12819
11450
10226
16407
6373
79
14539
14075
12672
11102
17354
2121
13827
14795
16099
5842
5458
15947
14498
8244
17244
11362
11372
2502
11065
3486
11610
18068
7755
12765
520
3735
17731
13312
10610
9908
13232
17989
10309
15685
13802
3603
6877
3391
11238
11628
3948
16592
15263
16740
17054
16765
14745
2019
11733
10204
7975
14311
12855
13404
2516
4993
13354
13123
14738
4930
8874
8628
12292
7077
2325
11051
15562
3308
15199
14751
11507
10105
13320
14394
4736
15602
17515
14924
15138
7327
10478
16425
11032
10170
11075
7923
17030
8418
13206
11337
15358
15195
17483
14713
15550
14232
10205
16485
13969
12273
1547
3872
3245
14424
12628
9899
14661
11139
14131
17827
15312
16832
18024
9049
9893
727
9677
17410
10190
9840
11555
7938
15330
13436
13944
11120
15634
1566
16476
12137
2618
14420
12056
1814
7692
6547
15060
10138
6106
17289
13209
4978
12678
6654
9457
5969
12171
10871
5821
10079
14054
17514
15509
6203
7758
11827
13851
4358
10797
15011
18022
4329
17585
8660
17771
5071
13691
10404
9707
6561
2604
17539
15176
1364
15191
2596
14742
16944
10807
14708
10919
17741
14165
16496
17469
14501
4676
16204
15917
16226
17342
12764
10956
15911
17706
3175
2012
10246
16999
12668
11004
11122
17474
12265
4529
9161
12478
16395
253
5811
15037
2461
7132
15649
2177
17735
10232
3708
898
16781
16190
463
844
9557
5732
7260
14309
2581
248
16268
1584
16742
12949
17787
14389
3853
15559
10062
16431
16657
14002
876
14552
14204
10916
15706
2540
3788
12302
9347
2626
6486
11895
12418
13292
12019
11538
4563
14278
7416
4095
15494
2723
12641
4209
12820
15922
12097
2633
15656
7063
11166
3546
11239
9875
5728
10991
3214
15822
100
8622
6995
16117
5112
13325
5019
14315
2014
16490
3093
4896
13608
748
10875
8262
7754
3968
11828
11148
7953
1689
15882
17807
14759
1465
14878
4093
3240
15829
1977
16976
12738
16394
15650
6787
16602
7861
1165
2345
4884
17324
534
946
17265
15193
17337
4206
8665
11157
14021
14737
13396
12927
18055
10598
17478
11982
15747
7173
14256
10410
6495
13837
10844
10015
15373
1109
13606
808
14323
15897
4679
17431
12546
3954
14479
3719
13769
11081
10788
12903
12339
13480
17451
17325
4121
17688
12938
16214
10438
798
12607
13464
7189
6302
17180
10302
13065
13411
15303
9957
5102
13331
17227
17705
11274
15543
16731
15240
4448
883
14060
12817
14725
4926
11002
10237
4014
17865
3985
13466
12012
17258
1749
8963
12178
273
4887
8195
13290
13001
3034
4390
10581
14079
12496
904
728
10451
12504
5087
3663
7101
14172
16423
6491
4030
8703
13268
8335
10199
16054
16725
16307
14632
15469
785
17245
16093
10616
16913
10872
13409
11078
15399
14855
9573
787
17909
1282
4202
10236
17921
10802
15574
8659
13746
455
4847
14104
10629
2807
5201
15827
13523
3198
967
9490
4711
15310
16845
16130
13215
767
13991
15341
14320
7247
17100
16834
9851
6278
8706
11840
6664
4068
13843
7992
5688
16339
16028
12947
11176
16755
11024
15328
11458
17063
16967
16349
11145
4339
16415
13609
17732
7955
5050
1435
12934
4085
11133
10983
13930
6464
3131
8705
6626
1424
11609
9325
14048
10234
13474
11314
17409
4585
12268
5276
9823
2550
13332
11099
11056
15610
17447
4154
13305
14020
12557
1166
13368
3038
14007
16473
155
10474
12111
14880
14186
13517
17068
9131
13527
12674
4890
14062
14022
1396
13334
12926
252
10166
7462
13764
15687
9841
6008
12823
15727
977
17296
10775
9233
10890
17854
3483
5948
11619
13198
6421
16336
13214
16266
6849
13520
17525
4807
14610
10306
6125
13185
14689
16666
16681
711
4888
10537
17761
9838
13241
15113
10319
13842
13405
12565
4327
15324
14324
11579
13511
13090
14146
13457
2257
3646
14474
10367
11371
11871
11498
12076
6715
14331
15418
11341
1984
6800
15657
12007
3844
14769
13273
4517
15673
2820
4591
275
15046
14776
13994
13814
15452
11508
12198
4586
2832
7519
7578
15891
10436
16810
11893
10158
11275
8392
10614
11833
14157
10210
17730
13153
18090
4075
254
14997
1133
3911
107
14926
13237
3053
12490
6888
11917
4433
17824
10724
9835
12508
17612
16861
13701
9224
13225
6279
1001
1158
12185
10426
13761
15264
13751
947
11116
9539
12186
13505
17971
7919
4651
829
13478
7889
15374
10905
13171
7364
13600
16857
7465
4528
13295
17714
15593
15471
282
16031
14862
5834
10902
10123
8127
8619
4179
1202
7203
9970
15780
12373
11783
12598
16730
13670
12769
13361
532
3162
15432
14209
17084
12448
14245
7689
5759
118
15666
16279
14874
17668
12767
15710
11577
15316
4295
1971
14410
2636
16695
14349
8517
4852
8700
14026
746
5961
11894
10493
4443
1300
1963
9586
12896
5257
3655
14939
17256
11207
10043
15501
1571
16170
16739
3378
8627
5739
16629
16478
16825
12327
11040
364
11519
16609
148
8523
14358
6098
2630
2506
17388
7970
15549
3494
575
12986
5786
13636
18058
17948
14592
9300
2815
2645
868
18041
4427
13756
15749
16718
3892
10670
6638
16661
14154
9911
11160
4000
2105
7885
5549
12364
12786
16598
17700
1690
12742
12581
14715
11033
12718
5258
14719
11803
9591
16624
10106
3445
17581
11203
11517
3031
1837
11533
14071
10933
17277
17467
10527
9658
5462
226
9322
14292
14208
849
4033
15072
6260
15426
5900
8865
12660
920
16080
1024
17484
13910
17301
18067
12688
4136
17958
5250
8769
17743
7726
122
4790
18081
10859
10817
5441
16940
6274
14099
613
12987
17802
17490
5082
3683
15290
11150
13872
10510
867
17110
13128
4299
14761
10330
1608
15586
14057
5218
12305
16392
661
2802
14217
12884
12755
14326
13211
12454
15058
13419
7096
3964
14362
13462
16593
3068
5706
15068
15318
5146
13274
13324
14905
1982
14876
2634
15084
10700
5113
3083
6595
10904
12545
10874
10010
10118
17869
13501
17436
14087
15930
11218
11092
13369
15762
994
7438
13197
6007
11111
2720
15486
10382
11656
16818
17879
170
12135
14252
9688
17942
15232
658
11013
13308
5077
17848
12664
13376
12726
3370
14564
17808
12954
10970
115
11086
5943
15665
716
1483
8424
11524
17726
12148
15560
17749
10685
14870
8467
15480
9843
12393
4761
6428
15928
9927
4534
8100
12653
9978
7238
18008
6739
14317
13327
12700
3380
16198
15976
1848
11566
16363
5974
16116
3339
887
15557
17498
16907
1199
5340
8647
1408
1526
8379
14616
12114
5203
12946
12895
7023
4417
15297
11729
13195
2002
8277
13345
10863
12595
6633
17687
13533
10331
11557
8798
17614
7136
15709
5962
13233
11037
3992
2515
10996
14080
15437
14450
4475
7068
11283
8113
12797
11536
18014
335
16917
1475
11175
12169
2178
10918
5004
13288
4210
13643
17564
17423
2600
6004
4971
4044
17311
11549
10602
11062
10414
1992
9601
13838
7258
16698
6298
1816
517
11558
10612
11751
4672
13011
16764
14038
10499
12060
18035
4309
11673
7451
18053
4052
2649
13975
9894
16358
12044
11445
16047
15716
5022
17107
15088
17589
13213
12919
13710
9653
12670
10930
16715
14416
5098
15050
11437
1057
2598
4348
13494
869
5263
16706
17279
16119
13669
5262
2542
13470
12613
1639
5248
10402
15008
10000
802
14187
13856
2293
11935
14714
17747
997
14760
10114
16699
14660
5808
11132
4929
17088
5737
10564
4422
12691
6233
10982
12811
12405
16061
896
13336
13626
17556
16461
17629
5495
13431
12187
15693
10151
16466
11401
15427
13522
5064
12154
11162
16357
113
18080
16658
18078
13483
12848
10160
10586
13145
12878
16356
4346
13895
10789
10196
698
1064
8204
15497
13147
12514
14321
5221
13095
16329
17174
15431
15078
6645
1201
17976
12189
16918
14073
17665
10135
15526
6588
2518
17485
16714
14493
2438
13059
16498
12837
7266
10200
5717
9760
14923
17282
15339
6949
771
17323
2154
11526
1161
14133
16960
9269
12399
18071
17304
12770
17093
14758
9092
16584
10161
5009
15276
12682
15180
7911
15274
13937
9929
8478
6989
15126
13915
1756
15235
11083
10889
4700
10906
3168
9977
14887
12030
14691
7277
8449
2835
4773
14381
16766
2169
14640
15117
9989
17326
17590
13805
17655
13086
8625
12345
9359
14549
1453
17497
13548
6383
11240
13033
15614
1236
2924
15408
15241
16435
179
2056
2818
10162
14892
5025
10116
14453
13110
13519
18085
15419
2112
13549
4923
8421
11460
16716
13479
2927
13044
13456
1172
12692
11363
9294
4469
1954
14591
492
10164
13545
1111
8343
14582
12519
10437
10650
10861
1416
12303
14603
4489
14561
13248
12842
2331
3776
12250
8928
16707
16440
5236
9396
2538
3548
12550
4584
12229
15991
14536
17353
11940
14662
7752
10134
9878
17718
15512
10894
8416
10648
10167
14339
1418
13032
4313
14779
2635
4331
2619
12805
11173
3763
494
13966
15296
13939
6475
9882
7003
5070
893
11390
13477
5801
5993
11375
17170
10245
2501
17215
2611
17518
12606
10599
16315
2532
17434
13863
9274
12760
9816
13184
11064
9836
13700
15350
15258
15015
3073
4333
2151
16348
2783
13131
13105
16824
15517
15238
13694
10880
16899
10529
2637
7366
13825
2228
2484
7158
3067
16701
15613
16793
2631
4307
1175
11147
14897
12829
16376
17918
14667
13199
16632
5026
11890
12832
9824
13951
2809
8363
12226
12981
13922
13156
10155
8483
14015
12720
10009
15730
13227
10666
11792
9541
8909
11167
752
17520
2507
12825
13177
8324
6476
12099
14646
10113
6178
12346
17471
12853
11344
13765
17037
12456
16682
10562
9887
13755
17424
13328
14108
6127
15215
10165
18079
9997
11123
12730
2468
14554
13235
17362
1144
10175
10291
4501
17818
16782
4037
11573
10941
17533
13835
14799
14534
4392
14699
15720
13996
2738
11530
17091
13661
10145
12936
10475
12559
17335
3118
15548
17332
15278
14604
1112
16862
3431
16069
13030
14628
13408
14805
8581
1311
17509
6832
10936
2613
7276
15581
9909
16237
16027
4937
9697
13103
13285
16844
10066
13252
1974
15082
31
14888
13810
13607
11461
11129
15443
5937
13627
9874
11090
10140
108
7403
13020
4055
14471
13200
12695
10949
6791
401
708
1305
15410
8527
8426
2585
10223
5349
1521
234
12449
17501
8836
11516
12941
2997
17287
13049
9790
11104
2624
17283
15411
12978
2520
16230
12728
3239
6585
13007
2922
18045
13243
13489
14401
17580
14168
2260
13221
1691
2629
13651
13936
11763
3996
10211
13928
12575
18049
12794
9227
15951
14148
12845
17696
10988
7362
12357
13240
12880
6861
13204
3472
17491
9884
5083
16838
16554
15603
9323
12266
1975
16784
17684
15561
15538
10150
13069
14553
15347
16736
10021
12326
916
12482
14328
11481
17378
16060
17006
2808
15587
6582
13828
12627
2842
13605
10442
12680
14529
7968
16939
17548
15842
8062
17640
17672
5744
3262
1347
3220
590
14064
11724
14754
13450
17758
12724
9024
16327
2500
2609
2410
16708
16132
12717
15498
10152
5048
15939
15283
9211
12279
1530
13686
12571
2555
2463
12952
5934
13920
2454
4441
17656
15246
2822
12749
7846
12783
3959
9982
13536
13220
13811
14881
15461
13481
13635
9328
5742
15428
13794
15329
3989
8268
11878
16387
17756
14641
13202
4624
16767
12201
16024
13161
14869
12395
12387
2610
10869
17920
15578
5917
77
17670
14730
13262
9209
2499
15386
0
16935
9191
16705
17929
13293
4145
11149
16638
16687
7315
16663
11901
11194
15245
16385
11246
2534
12962
14258
15001
10867
17065
10261
4262
16018
12388
5419
15357
4277
14230
15629
16723
13982
14871
16019
15999
