4284
4311
4325
4337
4353
4382
4402
4418
4425
4442
4482
4492
4498
4506
4511
4515
4521
4524
4539
4544
4549
4553
4573
4587
4598
4606
4612
4628
4632
4636
4643
4652
4668
4680
4684
4692
4707
4715
4728
4737
4749
4755
4775
4800
4812
4822
4830
4846
4862
4871
4889
4901
4912
4918
14823
14831
566
2505
10470
13720
10
19
30
40
55
69
76
92
104
112
129
138
158
172
186
199
207
215
228
236
245
256
268
290
305
319
330
340
349
358
373
387
399
421
436
445
462
475
484
505
513
538
556
565
577
589
600
622
633
642
643
672
691
697
707
717
734
751
770
779
789
812
816
820
830
841
859
880
895
907
923
957
972
984
996
1006
1020
1026
1041
1066
1078
1087
1100
1113
1123
1141
1159
1160
1184
1203
1220
1231
1244
1258
1271
1279
1296
1320
1328
1339
1350
1361
1372
1383
1401
1417
1425
1438
1455
1485
1495
1508
1538
1549
1561
1573
1590
1599
1617
1628
1644
1658
1674
1684
1694
1702
1711
1727
1751
1776
1794
1802
1822
1842
1858
1868
1885
1893
1901
1926
1958
1979
2006
2030
2040
2049
2074
2089
2100
2111
2125
2135
2150
2168
2180
2189
2196
2205
2214
2227
2238
2247
2259
2267
2280
2288
2307
2320
2330
2397
2407
2413
2422
2429
2536
2606
2665
2681
2689
2696
2704
2712
2727
2734
2753
2760
2774
2790
2799
2810
2824
2834
2844
2853
2864
2873
2878
2892
2900
2909
2921
2930
2946
2954
2967
2977
3013
3023
3048
3060
3078
3086
3102
3114
3134
3146
3156
3179
3190
3203
3231
3238
3261
3273
3280
3300
3329
3348
3356
3374
3386
3397
3407
3417
3427
3446
3453
3467
3479
3498
3510
3527
3541
3550
3560
3572
3582
3610
3624
3632
3649
3656
3669
3677
3693
3703
3712
3722
3731
3748
3765
3783
3795
3804
3819
3836
3855
3869
3876
3894
3905
3921
3939
3958
3978
3987
4009
4023
4039
4047
4063
4079
4097
4105
4122
4141
4157
4168
4180
4195
4205
4219
4240
4255
5140
5148
5157
5170
5193
5213
5222
5230
5242
5252
5265
5277
5291
5304
5314
5328
5339
5348
5365
5380
5392
5404
5418
5427
5440
5453
5469
5489
5504
5522
5548
5560
5572
5583
5591
5608
5617
5642
5654
5665
5680
5696
5709
5734
5764
5777
5795
5807
5814
5828
5852
5877
5893
5901
5914
5925
5938
5956
5980
5994
6020
6042
6051
6058
6084
6090
6100
6118
6128
6139
6177
6192
6193
6236
6242
6253
6265
6273
6281
6290
6299
6323
6361
6385
6398
6407
6414
6423
6438
6445
6461
6468
6478
6498
6515
6527
6536
6543
6550
6558
6563
6571
6581
6608
6616
6640
6649
6658
6677
6687
6708
6718
6728
6742
6753
6764
6773
6783
6797
6810
6821
6829
6847
6854
6863
6870
6883
6891
6903
6924
6931
6935
6959
6971
6972
7002
7053
7060
7071
7079
7086
7092
7114
7128
7154
7161
7167
7178
7188
7200
7209
7216
7233
7243
7254
7261
7268
7280
7294
7304
7314
7324
7336
7372
7377
7397
7407
7417
7431
7439
7454
7468
7475
7490
7510
7522
7534
7544
7555
7571
7592
7605
7615
7634
7654
7669
7681
7695
7715
7723
7730
7741
7746
7757
7793
7794
7810
7811
7830
7840
7868
7876
7895
7905
7924
7941
7964
7997
8005
8044
8054
8064
8070
8080
8090
8101
8138
8146
8158
8171
8188
8196
8206
8213
8220
8228
8237
8248
8254
8264
8276
8327
8356
8364
8387
8397
8405
8415
8429
8452
8489
8501
8536
8545
8557
8569
8582
8590
8621
8632
8650
8662
8674
8712
8734
8772
8809
8820
8838
8897
8898
8908
8921
8932
8939
8950
8959
8971
8979
8991
9009
9021
9038
9051
9066
9074
9089
9103
9124
9141
9149
9158
9169
9180
9194
9208
9219
9232
9244
9258
9275
9289
9302
9317
9348
9360
9372
9384
9400
9415
9432
9452
9475
9494
9507
9518
9535
9550
9564
9577
9593
9607
9629
9648
9660
9683
9915
10074
12157
14364
14366
14368
15345
15510
15513
16775
16885
16888
16890
16893
16896
16898
16900
16902
16978
16980
17013
17103
17106
17109
17112
17114
17191
17193
2576
2580
2591
4395
4576
4578
4580
4582
9684
9789
9991
10016
10045
10057
10065
10081
10305
10416
10509
10515
10530
10641
10667
10716
11294
11648
11678
11779
12257
12409
12816
12869
12930
12971
12989
13015
13116
13149
13157
13160
13163
13166
13186
13189
13244
13247
13249
13251
13253
13256
13258
13275
13375
13378
13381
13410
13422
13433
13445
13490
13630
13640
13645
13648
13650
13653
13657
13660
13688
13702
13727
13730
13733
13737
13741
14009
14012
14014
14158
14184
14190
14220
14236
14293
14295
14297
14299
14302
14304
14312
14346
14414
14428
14436
14439
14442
14468
14511
14542
14545
14563
15023
15142
15210
15214
15216
15218
15221
15298
15301
15323
15355
15516
15520
15525
15573
15626
15630
15633
15636
15688
15692
15734
15736
15738
15740
15805
15832
15884
15927
15929
15933
15936
15966
15984
15995
15997
16020
16023
16102
16105
16107
16109
16111
16113
16115
16118
16133
16165
16332
16451
16454
16460
16463
16465
16467
16550
16561
16758
16761
16800
16811
17035
17126
17136
17158
17273
17278
17288
17303
17306
17348
17398
17427
17435
17437
17439
17441
17443
17466
17479
17502
17541
17543
17545
17547
17549
17551
17555
17557
17570
17616
17764
17769
17772
17774
17777
17780
17782
17786
17788
17816
17937
18010
18014
18015
18017
18033
18036
18089
18092
18093
18094
18095
18096
18100
18102
1902
2549
4274
4275
4278
4280
4310
4352
4381
4583
4768
4920
6324
8328
8742
9075
9078
9106
9110
9114
9119
9859
9912
9913
10115
10158
10261
10376
10429
10502
10756
10783
10878
10888
10921
10989
11462
11539
11585
11614
11632
11659
11669
12046
12061
12077
12167
12320
12438
12483
12485
12487
12489
12492
12495
12513
12516
12520
12536
12539
12563
12579
12608
12611
12614
12616
12625
12629
12651
12761
12772
12824
12846
12906
12914
12940
12956
12958
13099
13169
13238
13284
13293
13303
13335
13387
13414
13441
13467
13475
13579
13610
13663
13676
13740
13752
13770
13772
13778
13890
13912
13958
14027
14036
14043
14120
14147
14162
14194
14251
14260
14319
14355
14372
14385
14446
14481
14484
14487
14490
14548
14566
14584
14597
14612
14623
14635
14651
14666
14677
14687
14697
14705
14775
14778
14782
14786
14790
14794
14797
14873
14949
14953
14956
14959
14963
14966
15131
15204
15223
15224
15304
15377
15391
15393
15395
15398
15401
15405
15407
15409
15424
15477
15529
15563
15584
15612
15641
15679
15696
15744
15783
15794
15837
15849
16154
16196
16200
16202
16206
16210
16225
16303
16306
16308
16310
16312
16314
16317
16320
16323
16564
16566
16568
16570
16574
16576
16590
16621
16623
16625
16628
16631
16634
16639
16643
16720
16840
17179
17232
17266
17268
17271
17406
17417
17537
17736
17812
17828
17833
17835
17838
17842
17952
17980
18097
18099
670
2338
2353
2589
2605
4024
4080
4123
4607
4633
4972
5049
7491
9104
9900
9971
10324
10490
10558
10570
10794
10804
10815
10856
10896
10963
11001
11067
11080
11154
11179
11285
11620
11641
11742
11758
11800
11915
11916
12180
12384
12455
12491
12518
12615
12618
12693
12714
12719
12793
12854
12883
12961
12976
13000
13017
13100
13122
13162
13188
13191
13196
13242
13261
13321
13377
13380
13385
13412
13588
13620
13721
13729
13732
13736
13739
13771
13780
13781
13783
13935
13938
13940
14092
14160
14179
14192
14438
14456
14483
14514
14569
14600
14625
14638
14653
14668
14669
14681
14767
14777
14781
14800
14820
14856
14863
14952
14955
14965
14969
15038
15196
15213
15251
15279
15337
15364
15371
15470
15504
15669
15691
15694
15790
15887
15921
15950
16189
16199
16345
16359
16377
16420
16445
16453
16489
16579
16637
16693
16734
16749
16760
16763
16878
16882
17024
17045
17055
17065
17153
17223
17241
17262
17530
17540
17554
17560
17691
17711
17744
17829
17834
17837
17841
17845
17939
18031
18032
18091
18098
400
1301
2535
2583
3241
4269
4273
4338
4440
4919
4952
5015
5107
5122
5474
6551
7095
7135
7587
7762
7814
8172
8773
9695
9737
9747
9811
9834
9921
9932
10006
10087
10092
10109
10137
10146
10168
10218
10219
10274
10356
10399
10408
10522
10586
10608
10631
10690
10827
10867
10908
11121
11235
11448
11449
11521
11569
11606
11767
11787
11908
12135
12193
12371
12466
12569
12640
12661
12680
12740
12806
12875
12907
12921
12963
13008
13058
13093
13096
13109
13309
13360
13447
13508
13532
13534
13554
13569
13652
13656
13712
13777
13790
13865
13875
13898
14076
14275
14306
14395
14547
14586
14587
14601
14614
14615
14639
14654
14789
14883
14910
14921
14958
14998
15056
15065
15091
15151
15190
15233
15291
15385
15484
15495
15539
15547
15556
15601
15646
15712
15773
15862
15872
15915
16037
16043
16060
16097
16178
16205
16207
16209
16329
16399
16413
16436
16512
16542
16573
16581
16597
16607
16662
16664
16665
16779
16905
16924
17093
17117
17150
17164
17214
17251
17270
17309
17350
17363
17381
17458
17604
17654
17663
17676
17721
17758
17831
17832
17884
17904
17923
17962
17993
18050
18057
18084
1462
1905
2007
2586
2590
2664
3330
3732
4256
4271
4282
4335
4383
4472
4499
4522
4599
4669
4913
4958
4973
5069
5074
5108
5118
5158
5584
5825
6142
6197
6217
6973
6975
7229
7281
7572
7797
8104
8147
8280
8331
8367
8502
8593
9320
9778
9883
10034
10124
10455
10621
10683
10770
10849
10928
11011
11038
11057
11167
11491
11502
11553
11562
11603
11604
11607
11736
11739
11855
11919
11927
11965
12141
12331
12361
12423
12594
12716
12721
12729
12787
12789
13027
13040
13050
13076
13260
13340
13643
13745
13773
13801
13841
14084
14333
14370
14491
14811
14812
14814
14841
14922
14991
14992
14999
15000
15016
15173
15242
15267
15307
15313
15389
15446
15591
15695
15825
15894
15959
16134
16146
16217
16293
16386
16387
16457
16480
16616
16627
16630
16638
16678
16853
16975
16984
17078
17275
17308
17359
17387
17493
17635
17752
17801
17822
17850
17895
18062
1272
1709
1940
2464
2485
2523
2570
2572
2588
2615
3061
3988
4270
4272
4276
4283
4397
4512
4550
4681
4729
4764
4838
4927
4998
5034
5340
5882
5915
5968
6202
6641
6659
6830
8136
8214
8583
8649
8743
9433
9612
9685
9763
9846
10231
10244
10296
10333
10443
10806
10837
10977
11138
11221
11245
11304
11480
11512
11566
11816
11923
11998
12103
12108
12116
12127
12276
12281
12298
12328
12341
12353
12790
12900
13068
13226
13350
13518
13575
13601
13830
13852
13873
13947
13997
14067
14128
14137
14199
14222
14307
14441
14444
14451
14492
14515
14722
14756
14802
14806
14807
14808
14809
14810
14815
14816
14817
14818
14819
14821
14833
14840
14842
14843
14844
14845
14846
14848
14849
14850
14851
14852
14853
14854
14877
14895
14904
14935
14971
14972
14973
14974
14976
14985
14986
14993
14994
15074
15104
15182
15309
15384
15430
15456
15524
15527
15635
15656
15683
15815
15836
15903
16069
16079
16090
16180
16233
16263
16271
16350
16378
16390
16820
16904
16983
17008
17026
17132
17207
17373
17511
17519
17583
17593
17765
17830
17847
17876
17973
18073
77
320
790
1341
1574
1619
1960
2008
2076
2090
2091
2198
2216
2331
2385
2463
2486
2504
2617
2639
2640
2666
2874
2901
2948
3454
3455
3480
3651
3678
3679
3695
3705
3837
3922
4142
4396
4439
4456
4483
4629
4716
4720
4831
4932
4985
5093
5142
5150
5341
5505
5558
5592
5735
5746
5808
6043
6101
6119
6178
6194
6369
6521
6528
6754
6774
6784
6932
6936
7162
7225
7244
7340
7440
7446
7758
7795
8006
8081
8123
8139
8277
8398
8591
8675
8885
8922
9578
9797
9984
9995
10325
10393
10535
10600
11196
11208
11471
11602
11835
11932
12017
12277
12282
12285
12310
12396
12731
12807
12861
12872
12912
13019
13101
13132
13140
13193
13216
13234
13245
13278
13449
13458
13543
13655
13768
13769
13782
13923
13941
13948
13949
14018
14058
14516
14527
14626
14682
14785
14793
14796
14824
14825
14826
14827
14828
14829
14830
14832
14834
14835
14836
14837
14838
14858
14859
14860
14861
14864
14865
14947
14962
14975
14978
14979
14980
14981
14982
14983
14987
14988
14989
15005
15120
15231
15382
15383
15386
15412
15519
15528
15754
15789
15932
15974
16128
16426
16494
16527
16586
16649
16709
16756
16762
16867
17105
17129
17163
17344
17535
17562
17572
17623
17856
17941
17956
18040
21
32
57
70
106
216
237
292
332
341
342
507
558
623
644
656
814
1027
1273
1419
1427
1448
1461
1509
1539
1696
1733
1804
1813
1815
1869
1903
2282
2333
2348
2354
2430
2457
2492
2531
2658
2879
3080
3158
3349
3408
3562
3820
3989
4277
4481
4708
4738
4938
4942
4954
4968
4996
5031
5033
5066
5068
5084
5104
5159
5259
5382
5585
5819
5836
5838
6061
6215
6429
6516
6717
6743
6811
6864
6916
6960
7097
7112
7168
7198
7217
7227
7373
7398
7430
7469
7511
7616
7621
7812
7846
7913
8126
8131
8207
8221
8365
8406
8842
8895
9290
9329
9466
9716
9802
10030
10673
10678
10696
10725
10943
10954
11029
11104
11483
11936
11987
12008
12009
12031
12034
12047
12066
12085
12150
12538
12570
12610
12620
12624
12686
12730
12766
12962
13254
13662
13675
13784
13981
14301
14740
14788
14803
14804
14857
14866
14867
14868
14995
14996
15011
15045
15145
15387
15438
15564
15668
15833
15889
15940
15998
16026
16121
16213
16246
16283
16369
16502
16661
16669
16672
16673
16674
16780
16827
16964
17009
17016
17020
17197
17276
17330
17352
17857
41
93
131
140
160
174
201
350
427
438
446
568
590
699
719
736
772
817
958
1472
1591
1712
1752
1887
1894
1895
2022
2094
2110
2152
2268
2344
2359
2361
2378
2440
2595
2705
2713
2729
2762
2836
2875
2910
2955
3025
3103
3104
3233
3275
3375
3382
3469
3542
3552
3657
3805
3906
4169
4220
4331
4403
4631
4637
4750
4813
4847
4890
5001
5106
5111
5130
5195
5214
5266
5381
5490
5491
5926
5939
5963
6052
6086
6089
6140
6216
6244
6283
6325
6446
6538
6552
6556
6650
6688
6775
6848
6884
6907
7004
7180
7190
7210
7211
7305
7338
7399
7419
7441
7518
7556
7606
7671
7760
7831
7870
7878
7907
7943
7966
8007
8056
8177
8249
8357
8388
8519
8575
8597
8713
8764
8878
8900
8909
8951
8961
9010
9022
9077
9143
9159
9160
9233
9234
9385
9416
9454
9509
9520
9595
9692
9853
9871
9914
10102
10131
10337
10543
10705
10773
10903
11096
11305
11472
11709
11738
11881
11948
11988
12001
12515
12647
12834
12857
13159
13179
13201
13243
13785
13786
13816
13929
13932
13956
14017
14780
14839
15112
15162
15230
15280
15617
15640
15667
16458
16470
16933
16958
17010
17399
17699
17873
17946
18038
130
180
291
338
437
523
524
527
601
646
735
831
832
925
989
1008
1022
1043
1115
1142
1298
1525
1777
1803
2206
2339
2362
2372
2387
2518
2697
2754
2825
2854
2947
3014
3037
3118
3278
3299
3561
3723
4326
4340
4351
4507
4516
4525
4644
4863
5349
5441
5454
5470
5643
5655
5666
5816
5829
5879
5886
5903
5907
5940
5981
6022
6048
6053
6059
6092
6165
6196
6212
6238
6267
6301
6400
6415
6439
6440
6447
6463
6499
6517
6529
6559
6564
6675
6709
6747
6785
6812
6933
6993
6998
7081
7088
7155
7179
7202
7315
7476
7535
7576
7872
7918
7921
8132
8133
8190
8230
8278
8431
8491
8526
8528
8538
8547
8559
8584
8685
8765
8770
8774
8972
8992
9052
9076
9079
9090
9150
9245
9260
9350
9410
9537
9583
9609
9650
9662
10100
10130
10437
10555
11058
11256
11351
11352
11605
11843
11945
11954
11960
11995
12038
12175
12232
12427
12888
12908
12911
13192
13774
13788
13834
13899
13921
13960
13971
14015
14053
14237
14354
14486
14489
14518
14565
14583
14596
14611
14622
14634
14650
14665
14676
14783
15521
15568
15721
15753
15788
15835
16067
16172
16260
16322
16472
16942
16965
17061
17082
17315
17340
17606
17622
17902
17945
17947
31
139
159
269
401
422
557
673
881
973
1481
1486
1510
1671
1703
1728
1757
1886
1980
2112
2126
2215
2226
2260
2308
2358
2450
2642
2661
2682
2728
2835
3135
3167
3180
3204
3262
3499
3511
3528
3573
3650
3704
3817
3877
4048
4098
4126
4196
4281
4327
4329
4333
4354
4399
4426
4574
4588
4769
4872
4956
4957
5162
5185
5243
5366
5549
5697
5710
5878
5894
5960
6144
6227
6237
6254
6291
6408
6523
6572
6609
6610
6617
6765
6855
6897
6946
6990
7093
7241
7295
7408
7432
7588
7670
7724
7759
8071
8095
8189
8229
8329
8484
8633
8637
8818
8822
8843
8899
8980
9095
9120
9328
9401
9652
9829
9868
10029
10208
10223
10313
10385
10742
10810
11117
11181
11470
11474
11735
11958
11975
12494
12783
13540
13584
13703
13791
13925
13996
14363
14411
14541
14710
15003
15075
15388
15533
15632
15639
15782
15809
15810
15841
15939
16003
16006
16025
16373
16455
16676
16895
16939
16941
16949
16953
17079
17085
17167
17196
17341
17345
17453
17561
17566
17751
17861
17940
18075
113
229
257
501
578
692
860
1021
1101
1169
1205
1247
1321
1451
1456
1466
1496
1560
1645
1675
1695
1761
1843
1864
1927
2050
2063
2075
2098
2190
2321
2554
2567
2690
2791
2822
2945
3030
3082
3087
3125
3147
3162
3284
3301
3338
3459
3633
3686
3749
3856
3940
4106
4125
4279
4285
4312
4378
4503
4625
4640
4685
4903
4971
4983
5048
5072
5088
5283
5305
5405
5412
5428
5475
5815
5902
6035
6137
6161
6185
6229
6349
6651
6678
6786
6976
7054
7356
7378
7497
7589
7716
7965
8091
8102
8180
8208
8444
8471
8517
8558
8651
8896
8940
9039
9191
9259
9546
9565
9588
9594
9630
10097
10389
10869
11353
11492
11534
11591
11754
11856
11961
12204
12280
12713
12909
12910
13168
13776
13963
14010
14066
14119
14161
14176
14409
14512
14680
14822
14872
14961
15035
15308
15340
15420
15930
16001
16007
16120
16232
16379
16437
16471
16580
16633
16776
16783
16793
16931
17110
17118
17124
17149
17343
17477
17647
17679
17680
17910
18039
35
42
178
209
239
246
258
331
375
402
531
625
718
752
908
965
1067
1092
1172
1177
1232
1241
1243
1322
1351
1373
1440
1615
1629
1710
1823
1859
1919
1941
2316
2324
2347
2527
2534
2539
2621
2787
2865
2916
2968
3015
3062
3119
3126
3198
3279
3304
3331
3343
3357
3398
3458
3472
3490
3813
3833
3880
3893
3959
4026
4089
4091
4302
4307
4316
4350
4356
4398
4545
4727
4756
4776
4823
5092
5231
5278
5292
5315
5609
5618
5778
5895
6011
6064
6189
6225
6264
6309
6355
6448
6462
6474
6479
6719
6768
6892
6904
6914
6940
7015
7061
7070
7189
7201
7255
7262
7325
7420
7442
7505
7523
7890
7998
8045
8086
8197
8504
8524
8546
8611
8810
8850
8867
8879
8933
9107
9115
9170
9220
9252
9471
9476
9486
9551
10144
10238
10262
10263
10287
10870
11168
11177
11590
11624
11728
11957
12054
12270
12667
12712
12720
12724
12775
12877
12879
12894
13277
13817
13884
13953
14574
14696
14907
15030
15341
15402
15411
15464
16002
16004
16005
16334
16368
16385
16572
16716
16743
16974
16998
17015
17445
17667
17865
18012
11
12
94
173
200
238
247
307
374
389
423
463
485
486
506
514
569
666
708
821
997
1053
1124
1136
1161
1222
1224
1233
1249
1251
1253
1256
1260
1280
1281
1384
1418
1516
1550
1563
1575
1601
1646
1704
1729
1769
1778
1780
1795
1948
1965
1981
2032
2041
2042
2051
2113
2170
2181
2191
2197
2228
2249
2269
2309
2352
2367
2382
2398
2416
2466
2481
2511
2569
2598
2623
2643
2683
2698
2714
2755
2761
2775
2776
2800
2820
2845
2880
2893
2915
2922
2936
2992
3079
3098
3157
3239
3263
3376
3393
3429
3521
3575
3611
3612
3614
3626
3634
3670
3671
3796
3797
3806
3821
3838
3851
3861
3870
4027
4036
4058
4081
4124
4143
4197
4242
4260
4454
4493
4617
4659
4884
4902
4987
4999
5171
5183
5253
5306
5316
5322
5330
5451
5471
5488
5610
5626
5681
5765
5860
5906
5957
6111
6274
6544
6555
6557
6570
6729
6779
6822
6850
6909
7032
7263
7337
7402
7418
7501
7542
7578
7593
7694
7720
7841
7869
7896
8055
8065
8152
8186
8381
8454
8470
8490
8699
8710
8735
8875
9035
9067
9085
9210
9276
9311
9361
9691
9746
9799
9968
9979
10024
10132
10358
10361
10394
10413
10657
10745
10842
10865
11070
11299
11331
11447
11451
11498
11599
11772
11824
11827
11920
11978
12025
12125
12399
12562
12580
12626
12646
12741
12887
12905
12913
12937
13165
13269
13559
13735
13854
14096
14193
14223
14227
14371
14540
14598
15042
15335
15523
15576
15654
15817
15888
16015
16163
16181
16212
16258
16328
16351
16459
16462
16667
16768
16790
16794
16935
16950
16957
16962
17089
17125
17182
17186
17194
17351
17696
17702
17768
17889
56
78
105
121
127
270
277
321
351
477
595
624
709
711
753
924
943
1023
1042
1079
1152
1185
1198
1215
1221
1259
1374
1385
1403
1426
1439
1497
1511
1519
1540
1551
1592
1630
1660
1668
1686
1707
1753
1824
1857
2017
2023
2031
2102
2127
2136
2137
2248
2258
2289
2317
2341
2350
2366
2369
2400
2414
2423
2441
2498
2558
2616
2706
2736
2798
2866
2902
3050
3208
3216
3219
3274
3354
3358
3381
3385
3388
3399
3409
3432
3448
3583
3724
3871
3895
3907
4011
4025
4040
4041
4055
4099
4158
4159
4170
4207
4239
4443
4621
4693
4953
4967
4995
5030
5065
5103
5172
5205
5240
5295
5327
5329
5350
5367
5394
5421
5429
5442
5550
5562
5574
5593
5729
5841
5936
5995
6006
6034
6085
6104
6129
6182
6322
6362
6391
6511
6545
6604
6660
6713
6730
6882
6994
7003
7234
7316
7493
7536
7557
7602
7607
7625
7628
7636
7639
7656
7683
7731
7742
7743
7779
7888
7984
8046
8066
8159
8160
8173
8182
8247
8265
8310
8389
8399
8459
8477
8612
8663
8883
9027
9088
9105
9181
9193
9196
9221
9254
9303
9318
9373
9386
9398
9552
9566
9649
9823
9937
10028
10477
10479
10593
10658
10662
10663
10746
10863
10891
10913
11189
11306
11357
11464
11497
11546
11710
11924
11949
11962
12048
12081
12149
12226
12349
12383
12468
12951
13036
13092
13374
13448
13542
13591
13754
13775
13789
13795
13860
14088
14095
14099
14224
14329
14729
14968
15159
15333
15493
15514
15741
15752
16012
16013
16117
16610
16695
16771
16785
16851
16891
16912
16926
16946
16966
16968
17305
17357
17446
17628
17634
17643
17899
17908
17926
18018
20
114
134
188
306
360
388
464
540
570
579
586
602
609
635
657
693
771
781
866
882
889
959
967
1007
1154
1186
1297
1329
1340
1376
1390
1454
1457
1458
1475
1478
1600
1731
1734
1844
1884
1928
2176
2207
2219
2290
2326
2336
2340
2355
2424
2497
2662
2691
2792
2894
2911
2932
2964
2969
2979
2997
3002
3069
3077
3088
3096
3116
3192
3232
3289
3468
3481
3488
3529
3658
3750
3766
3767
3785
3941
3979
3980
4138
4198
4206
4241
4291
4318
4458
4459
4554
4650
4688
4754
4770
4858
5163
5179
5215
5262
5302
5321
5506
5524
5535
5545
5561
5633
5644
5656
5661
5667
5766
5831
5853
5952
6021
6091
6120
6195
6376
6396
6409
6470
6480
6500
6537
6573
6583
6602
6755
6794
6820
6823
6831
6865
6871
7020
7031
7042
7055
7122
7130
7163
7235
7256
7282
7291
7296
7339
7354
7374
7409
7437
7455
7467
7477
7512
7514
7546
7573
7586
7594
7617
7725
7732
7748
7784
7877
7897
7926
7999
8082
8092
8129
8150
8219
8246
8250
8255
8322
8336
8348
8407
8416
8417
8443
8455
8462
8503
8512
8527
8537
8570
8587
8634
8676
8686
8693
8698
8714
8744
8795
8821
8856
8910
8923
8934
8947
8993
8997
9011
9023
9083
9091
9125
9151
9182
9195
9272
9374
9402
9444
9447
9477
9501
9528
9579
9631
9769
9831
10011
10481
10682
10757
10945
11100
11127
11273
11349
11477
11496
11802
11941
11942
11963
12032
12039
12301
12717
12723
12726
12751
12799
12808
12868
12974
12979
13046
13103
13382
13409
13454
13492
13507
13576
13589
13707
13787
13848
13961
13990
14106
14277
14513
14690
14801
14813
14855
14862
14990
15004
15087
15119
15266
15281
15306
15368
15413
15755
15952
16009
16173
16316
16668
16751
16767
16774
16789
16797
16910
16930
16972
17104
17134
17213
17257
17347
17571
17638
17708
17892
18030
18042
18
80
89
164
359
447
533
674
698
741
747
767
780
791
824
842
843
909
998
1009
1028
1068
1089
1102
1114
1125
1143
1237
1352
1362
1444
1469
1487
1581
1685
1796
1910
1920
1921
1986
2082
2086
2124
2209
2261
2272
2335
2384
2434
2488
2526
2543
2545
2612
2625
2626
2647
2667
2672
2679
2735
2741
2826
2842
2846
2857
2870
2931
2956
2963
2980
3005
3042
3067
3091
3115
3148
3220
3229
3281
3292
3404
3419
3543
3584
3606
3625
3688
3713
3784
3822
4064
4085
4093
4115
4134
4181
4233
4289
4419
4461
4730
4762
4763
4881
4931
5141
5161
5190
5223
5232
5244
5263
5267
5288
5293
5320
5393
5406
5420
5482
5519
5523
5527
5530
5569
5751
5797
5830
5916
5927
5958
5982
6044
6094
6157
6176
6179
6220
6275
6292
6321
6329
6363
6386
6387
6399
6424
6425
6469
6510
6560
6565
6642
6679
6710
6720
6744
6766
6781
6798
6856
6885
6893
6925
6926
6939
6983
7073
7129
7169
7230
7245
7270
7285
7326
7365
7379
7448
7530
7532
7550
7553
7630
7655
7682
7696
7704
7747
7899
7906
8140
8198
8215
8222
8238
8270
8350
8358
8427
8529
8623
8652
8692
8711
8736
8776
8785
8811
8840
8844
8848
8855
8887
8960
8967
8973
9053
9068
9134
9171
9227
9291
9304
9362
9469
9508
9524
9529
9569
9674
9675
9839
9856
9967
10004
10143
10153
10181
10458
10485
10486
10487
10652
10747
10868
10874
10898
11112
11131
11330
11595
11600
11708
11809
11862
11943
11950
11969
11983
11989
12013
12018
12027
12049
12327
12398
12815
13246
13528
13573
13583
13598
13749
13815
13897
14031
14064
14353
14570
14580
14876
15002
15034
15406
15498
15607
15743
15757
15770
16000
16016
16017
16545
16680
16769
16773
16943
16961
16963
16970
16971
17133
17137
17310
17358
17470
17771
17849
17871
17905
18021
18027
18037
1
33
54
135
142
217
278
335
382
476
530
543
634
658
793
795
1037
1164
1299
1363
1402
1548
1562
1585
1669
1837
1856
1959
1974
1990
2225
2319
2322
2349
2408
2475
2493
2551
2593
2604
2644
2675
2703
2770
2806
2811
2944
2996
3049
3106
3136
3155
3173
3181
3206
3223
3226
3312
3341
3360
3378
3391
3418
3428
3494
3496
3551
3594
3596
3602
3857
3902
3953
3998
4029
4107
4179
4345
4388
4435
4436
4548
4865
4885
4970
5035
5116
5131
5324
5359
5455
5570
5629
5689
5719
5736
5796
5867
5883
5889
5898
6172
6173
6207
6213
6219
6243
6247
6300
6359
6416
6444
6495
6633
6639
6698
6722
6837
6961
7218
7269
7306
7433
7462
7545
7551
7567
7635
7697
7710
7772
7925
8072
8122
8148
8235
8256
8292
8346
8372
8413
8463
8571
8642
8704
8721
8862
9122
9142
9206
9209
9246
9261
9390
9434
9601
9699
9844
10241
10320
10375
10400
10460
10877
10879
10948
11191
11344
11345
11346
11367
11395
11481
11487
11522
11705
11801
11852
11967
12087
12124
12174
12619
12728
12804
13089
13203
13250
13546
13552
13618
13635
13647
13744
14283
14316
14521
14544
14594
14698
14723
14733
14744
15095
15259
15638
15725
15791
16011
16014
16057
16074
16183
16418
16921
16981
17021
17237
17364
17669
17846
17938
18025
18074
208
301
316
343
348
368
529
582
612
653
668
704
835
897
985
1204
1242
1245
1330
1412
1618
1638
1664
1676
1701
1717
1732
1855
1860
1870
2101
2172
2213
2239
2266
2310
2311
2405
2495
2582
2725
2855
2929
2960
3092
3113
3152
3169
3215
3282
3505
3512
3534
3574
4049
4852
4856
4857
4922
4989
5018
5037
5085
5149
5224
5237
5254
5260
5273
5353
5419
5541
5582
5720
5722
5806
5809
5865
5930
5962
5988
6130
6145
6210
6255
6266
6330
6379
6433
6803
6868
7080
7226
7273
7360
7456
7482
7492
7507
7524
7612
7627
7686
7717
7825
7832
7842
7861
7919
7929
8008
8266
8334
8402
8403
8469
8481
8520
8684
8790
8890
8952
9062
9081
9111
9126
9137
9140
9236
9277
9397
9417
9453
9459
9605
9670
9733
9785
9806
9940
10051
10080
10101
10126
10655
11046
11109
11123
11125
11134
11459
11475
11486
11488
11510
11687
11841
11917
11980
11991
12003
12015
12401
12554
12572
12774
12797
12895
13014
13084
13086
13118
13143
13413
13461
13524
13541
13628
13658
13767
13928
13957
13998
14016
14020
14431
14735
14970
15015
15049
15063
15334
15397
15604
15763
15826
15944
16374
16400
16405
16414
16456
16677
16696
16770
16782
16916
16922
16951
16959
17056
17062
17256
17482
17504
17529
17598
17755
17790
17859
17879
17966
18019
18020
18022
18023
18077
225
230
298
539
596
742
829
861
981
986
1088
1162
1246
1415
1429
1637
1726
1746
1771
1839
1984
2141
2169
2182
2281
2465
2479
2499
2575
2746
2750
2801
2841
2860
2990
3020
3207
3387
3714
3733
3810
3826
3865
3990
4065
4082
4129
4182
4324
4357
4363
4371
4480
4603
4609
4651
4653
4758
4766
4796
4978
5194
5229
5400
5408
5435
5479
5557
5588
5589
5619
5773
5774
5779
5812
5834
5854
5946
6000
6001
6109
6135
6158
6231
6282
6317
6435
6460
6672
6674
6760
6872
7047
7056
7065
7103
7182
7185
7196
7383
7415
7464
7481
7488
7737
7891
8059
8098
8108
8279
8281
8291
8317
8342
8361
8366
8369
8391
8447
8525
8728
8755
8775
8995
9092
9116
9138
9216
9296
9344
9439
9482
9519
9584
9636
9830
9987
10127
10251
10292
10388
10466
10468
10484
10501
10687
10853
11092
11146
11172
11319
11332
11370
11378
11457
11551
11694
11784
11811
11894
11921
11979
12023
12024
12314
12734
12749
12856
12957
12967
12978
12982
13018
13334
13386
13607
13626
13698
13755
13792
13811
13886
14041
14068
14115
14127
14228
14250
14289
14318
14336
14379
14452
14459
14567
14568
14679
14770
14799
15096
15137
15166
15220
15255
15286
15295
15332
15467
15689
15758
15766
16008
16010
16044
16083
16383
16384
16598
16636
16772
16920
16955
17007
17066
17140
17144
17155
17181
17346
17403
17611
17770
17840
17844
17862
17880
17881
17930
17944
18026
18028
44
49
71
187
190
272
284
317
413
466
515
562
804
813
822
854
974
1175
1191
1214
1520
1529
1614
1643
1687
1713
1836
1942
1944
1995
2010
2059
2117
2138
2229
2240
2742
2812
2819
2943
3124
3131
3138
3164
3178
3221
3302
3328
3350
3370
3371
3373
3577
3687
3694
3708
3775
3823
3827
3864
3878
3896
3938
4162
4221
4237
4373
4376
4401
4473
4474
4476
4477
4495
4661
4848
4869
4955
4960
5000
5129
5134
5246
5436
5517
5611
5630
5682
5687
5711
5753
5849
5850
5951
5996
6102
6186
6205
6235
6310
6358
6371
6553
6618
6638
6827
6851
6852
6886
6889
6905
6937
6966
6974
6989
7026
7072
7292
7382
7388
7389
7484
7527
7582
7659
7711
7769
7883
7942
7979
8088
8127
8143
8153
8232
8239
8314
8373
8439
8442
8552
8664
8689
8798
8802
8839
8868
9040
9087
9285
9334
9342
9349
9418
9448
9465
9488
9495
9496
9603
9608
9661
9825
9920
9973
10222
10332
10344
10426
10664
10916
10979
11095
11286
11313
11442
11622
11649
11746
11826
11905
11940
11971
12068
12121
12216
12381
12519
12581
12612
12786
12795
12980
13094
13228
13255
13418
13473
13483
13514
13561
13600
13763
13900
13927
13955
13959
14124
14252
14383
14445
14460
14589
14703
14870
14951
14997
15062
15152
15209
15229
15262
15356
15419
15428
15481
15582
15600
15628
15858
15895
15917
16280
16292
16326
16496
16537
16635
16663
16791
16837
17057
17096
17098
17122
17290
17322
17415
17536
17642
17653
17713
17748
17852
17893
17929
53
311
334
587
591
659
875
878
932
947
1216
1303
1311
1316
1325
1356
1421
1492
1493
1587
1598
1723
1840
1956
1975
1993
2001
2004
2018
2057
2104
2212
2412
2461
2474
2547
2553
2585
2663
2840
2890
2923
2978
2999
3046
3112
3137
3210
3249
3359
3367
3470
3747
3852
3923
3933
3945
3960
4070
4110
4184
4249
4292
4305
4319
4322
4519
4540
4560
4736
4772
4801
5200
5555
5556
5573
5698
5888
6076
6252
6578
6673
6689
6815
7132
7156
7171
7197
7363
7386
7453
7487
7585
7620
7819
7826
7858
8145
8181
8193
8240
8298
8332
8383
8438
8453
8458
8510
8616
8622
8641
8655
8745
9005
9225
9273
9336
9441
9470
9530
9776
9804
9999
10107
10186
10431
10642
10911
10917
10994
11022
11055
11093
11160
11278
11333
11450
11456
11465
11495
11583
11608
11821
11901
12033
12041
12199
12245
12442
12659
12694
12699
12711
12965
12999
13028
13061
13083
13095
13131
13287
13537
13615
13807
13878
13989
14148
14247
14532
14573
14847
14869
14920
14977
15001
15028
15098
15135
15507
15787
15795
15877
15886
15990
16039
16182
16277
16304
16375
16468
16562
16717
16887
16892
16947
16973
17094
17111
17171
17185
17226
17252
17314
17413
17552
17596
17730
17737
17757
17792
17890
17934
15
132
184
214
322
327
520
614
651
806
848
928
1060
1080
1194
1357
1460
1501
1513
1786
1937
1978
1983
2013
2071
2084
2108
2118
2151
2166
2303
2334
2364
2376
2395
2401
2449
2456
2489
2510
2532
2546
2557
2601
2635
2739
3163
3191
3195
3236
3297
3309
3353
3366
3379
3411
3438
3500
3684
3935
3955
3970
4017
4226
4251
4295
4449
4531
4558
4615
4624
4672
4843
4905
4917
5078
5110
5192
5279
5372
5383
5497
5528
5559
5726
5742
5745
5823
5885
5949
6012
6057
6060
6141
6184
6256
6340
6430
6443
6504
6655
6691
6816
7025
7030
7062
7087
7094
7113
7166
7288
7385
7393
7444
7451
7494
7756
7777
7799
7813
7935
8185
8294
8349
8375
8518
8534
8658
8691
8751
8787
8817
8841
8864
8912
8941
8981
9132
9310
9409
9424
9429
9491
9536
9743
9768
9838
9963
9964
9972
10003
10017
10122
10240
10247
10271
10524
10552
10554
10643
10993
11009
11073
11170
11388
12040
12094
12148
12221
12404
12431
12517
12565
12578
12585
12587
12600
12602
12630
12657
12687
12704
12710
12725
12736
12759
12762
12803
12822
12866
12933
13106
13161
13171
13341
13425
13502
13503
13523
13551
13570
13594
13639
13654
13687
13779
13796
13889
13939
14023
14134
14519
14604
14787
14805
15017
15208
15227
15269
15331
15336
15445
15551
15572
15580
15619
15675
15682
15793
15831
15848
15935
16080
16095
16125
16244
16341
16506
16666
16707
16938
16982
17145
17338
17433
17565
17574
17729
17767
17791
17806
17914
18024
18029
18034
115
167
279
440
492
645
648
724
743
746
762
936
1054
1157
1213
1265
1309
1571
1624
1654
1659
1716
1756
1764
1832
1852
1917
1961
2000
2109
2233
2256
2371
2490
2519
2548
2652
2751
2862
3012
3063
3065
3109
3153
3161
3230
3256
3310
3323
3337
3347
3436
3447
3484
3507
3520
3599
3608
3636
3653
3691
3968
4032
4214
4300
4370
4452
4613
4627
4673
4694
4731
4767
4819
4870
5090
5297
5301
5347
5480
5483
5761
5793
5868
5931
5950
5998
6045
6071
6078
6113
6232
6288
6360
6427
6501
6513
6567
6582
6589
6595
6596
6669
6791
6844
6921
6956
7289
7489
7502
7558
7591
7750
7775
7796
7936
7993
8009
8100
8112
8116
8176
8360
8448
8749
8758
8893
8929
9043
9144
9238
9279
9561
9582
9604
9623
9688
9805
9880
9952
9956
9962
9966
10198
10326
10347
10359
10411
10448
10772
10785
10790
11091
11115
11145
11190
11237
11290
11427
11647
11793
11832
11913
11977
11981
11990
12169
12329
12390
12452
12473
12482
12584
12607
12675
12676
12715
12722
12791
12893
12901
12902
12968
13044
13317
13336
13384
13423
13481
13491
13497
13500
13536
13592
13685
13692
13757
13804
13835
14011
14028
14065
14087
14175
14219
14303
14311
14422
14482
14692
14713
14727
14763
14984
15027
15040
15094
15124
15132
15315
15399
15417
15423
15458
15540
15570
15574
15590
15706
15726
15772
15828
15873
15896
15943
16033
16104
16116
16140
16179
16249
16252
16313
16337
16539
16577
16703
16792
16860
16914
17033
17070
17092
17302
17312
17523
17666
17775
17785
17808
17809
17877
17900
26
281
297
357
454
521
649
748
825
885
888
896
1193
1217
1502
1596
1634
1635
1760
1808
1820
1907
1967
2093
2105
2257
2277
2571
2587
2618
2620
2710
2752
2773
2850
2868
2883
2926
2939
3008
3043
3165
3172
3213
3335
3361
3363
3372
3503
3585
3607
3646
3681
3809
3829
3866
3966
4001
4152
4227
4234
4243
4287
4393
4471
4626
4743
4774
4961
5020
5123
5127
5191
5309
5311
5323
5552
5563
5657
5663
5844
5864
5872
5884
5921
5922
5942
5964
6033
6155
6174
6203
6211
6214
6221
6226
6248
6334
6366
6607
6676
6686
6714
6767
6979
7048
7101
7159
7240
7248
7298
7299
7357
7366
7369
7470
7515
7577
7624
7631
7675
7728
7740
7798
7985
7989
8114
8167
8260
8261
8283
8308
8351
8430
8473
8482
8505
8592
8671
8700
8754
8777
8816
8858
8865
8911
9265
9375
9435
9484
9492
9513
9541
9570
9622
9657
9719
9975
10018
10178
10207
10398
10428
10549
10572
10748
10803
10859
10875
10909
10910
11079
11124
11184
11223
11302
11358
11363
11390
11440
11467
11468
11476
11485
11588
11897
11976
11982
11997
12142
12309
12321
12391
12449
12450
12481
12665
12696
12782
12831
12843
12873
12943
13013
13091
13123
13154
13301
13355
13366
13512
13544
13567
13587
13806
13980
13993
14013
14063
14153
14225
14294
14327
14461
14537
14731
14898
15019
15106
15143
15179
15212
15248
15276
15299
15434
15466
15508
15613
15756
15786
16089
16159
16336
16362
16388
16427
16514
16546
16559
16587
16671
16755
16812
16928
17127
17154
17161
17183
17319
17378
17476
17626
17637
17773
17917
22
29
125
205
299
326
511
526
564
914
930
931
1195
1228
1305
1367
1405
1467
1468
1471
1677
1715
1742
1810
1846
1880
1904
1951
2025
2218
2455
2482
2555
2622
2637
2653
2677
2817
2965
3003
3004
3009
3076
3176
3212
3240
3305
3324
3401
3489
3492
3623
3689
3782
3825
3947
3964
3975
4007
4043
4096
4228
4245
4303
4343
4359
4366
4380
4453
4463
4491
4910
5175
5337
5485
5534
5579
5676
5684
5756
5890
5904
5945
6199
6206
6316
6533
6576
6656
6912
6915
6957
6984
6991
7000
7024
7035
7277
7347
7403
7754
7880
7968
7973
7980
7982
7991
8069
8103
8144
8175
8269
8271
8323
8379
8639
8656
8666
8696
8709
8748
8847
8851
9184
9270
9280
9281
9319
9393
9450
9455
9512
9523
9717
9756
9770
9793
9827
9890
10309
10346
10351
10472
10537
10548
10760
10836
10883
10944
11165
11182
11236
11276
11281
11376
11377
11393
11443
11466
11582
11722
11753
11756
11844
11884
11893
12007
12153
12190
12198
12291
12402
12700
12823
12960
13097
13167
13194
13229
13463
13478
13509
13565
13568
13571
13700
13708
13809
13876
13881
13905
14046
14077
14089
14090
14113
14203
14449
14593
15036
15205
15271
15592
15644
15750
16076
16112
16149
16187
16197
16305
16318
16435
16752
16777
16805
16889
16918
16948
16992
17017
17088
17139
17143
17156
17210
17216
17307
17311
17313
17334
17685
17688
17853
17882
17896
17924
17935
17936
17999
18048
18090
156
262
264
275
353
416
431
519
583
626
847
867
884
1052
1182
1335
1359
1400
1515
1632
1781
1866
1883
1929
1985
2011
2035
2193
2243
2304
2357
2386
2427
2443
2508
2627
2654
2912
2991
3051
3094
3313
3315
3394
3421
3437
3441
3465
3538
3581
3604
3617
3667
3884
3929
3992
4010
4054
4084
4150
4407
4408
4433
4466
4486
4641
4658
4682
4683
4841
4882
4897
4924
4929
4964
5036
5080
5102
5169
5187
5426
5580
5648
5659
5763
5824
5832
5908
5913
5976
6016
6099
6136
6143
6152
6198
6308
6437
6475
6520
6569
6586
6622
6634
6648
6668
6680
6684
6701
6703
6750
6835
6876
7115
7207
7215
7267
7352
7466
7480
7508
7560
7626
7713
7778
7816
7844
7854
7864
8024
8031
8109
8273
8274
8325
8353
8380
8573
8606
8718
8729
8762
8823
8905
9003
9014
9026
9029
9214
9243
9264
9268
9274
9332
9346
9394
9396
9404
9413
9464
9663
9689
9713
9727
9851
9896
9923
9924
9936
10059
10299
10316
10367
10610
10618
10623
10809
10886
10964
10969
10971
11036
11085
11415
11423
11469
11526
11528
11611
11652
11840
11854
11889
11984
12424
12439
12490
12688
12706
12737
12745
12826
12892
12977
12983
13003
13136
13207
13223
13316
13346
13400
13455
13526
13580
13625
13684
13793
13842
13911
13922
13934
14030
14131
14261
14365
14458
14465
14494
14637
14683
14728
14747
14792
14923
15055
15105
15191
15250
15449
15453
15585
15593
15595
15611
15647
15651
15800
15911
16059
16204
16208
16227
16247
16321
16344
16381
16441
16446
16482
16548
16622
16757
16856
17116
17152
17160
17173
17188
17220
17240
17316
17336
17624
17662
17719
17776
17826
17887
17916
17951
18041
18101
117
157
162
202
395
403
412
664
665
845
855
905
1117
1133
1145
1248
1291
1302
1319
1420
1593
1639
1861
1862
2002
2036
2130
2143
2160
2161
2188
2368
2375
2381
2410
2480
2509
2516
2522
2540
2579
2715
2749
2764
2784
2913
3031
3071
3089
3120
3211
3276
3294
3365
3592
3605
3638
3642
3727
3828
3973
4033
4117
4120
4130
4171
4200
4201
4369
4434
4450
4520
4543
4747
4907
4921
4962
4984
5052
5216
5275
5290
5378
5539
5598
5692
5874
5905
5965
6014
6032
6037
6108
6114
6148
6149
6350
6384
6457
6588
6626
6631
6654
6670
6711
6967
6988
7006
7105
7148
7221
7265
7344
7396
7504
7537
7540
7641
7645
7781
7782
7986
8010
8014
8023
8025
8028
8030
8032
8033
8034
8036
8111
8157
8179
8316
8330
8338
8414
8420
8441
8457
8595
8604
8680
8702
8793
8801
8832
8833
8966
9004
9056
9139
9427
9442
9462
9668
9705
9738
9786
9887
9996
10007
10019
10129
10232
10245
10275
10370
10384
10386
10550
10591
10776
10816
10840
10852
10974
10990
10998
11005
11042
11186
11210
11283
11291
11292
11554
11629
11633
11660
11774
11791
11914
11974
12014
12019
12067
12147
12170
12195
12225
12235
12249
12252
12472
12682
12689
12708
12754
12874
12890
12918
12966
13039
13054
13127
13311
13362
13476
13495
13624
13667
13820
13827
13916
13920
13930
13944
14098
14138
14287
14360
14361
14417
14526
14599
14613
14701
14764
14943
15060
15093
15122
15274
15317
15400
15410
15465
15475
15606
15761
15778
15821
15823
15961
15971
15978
16354
16367
16469
16575
16683
16721
16741
16781
16786
16927
17046
17069
17108
17141
17195
17468
17520
17558
17579
17660
17714
17843
17863
17870
17878
17894
17927
18005
18043
18051
136
149
163
218
219
273
282
295
302
379
488
542
593
597
639
731
802
933
1051
1084
1210
1227
1491
1586
1633
1641
1666
1827
1906
1968
1997
2009
2039
2073
2088
2162
2174
2252
2374
2435
2513
2656
2726
2869
2928
3066
3084
3175
3268
3355
3586
3719
3843
3854
3875
3931
4020
4073
4161
4187
4191
4293
4347
4358
4562
4616
4773
4789
4794
4804
4834
4855
4908
4934
5042
5075
5145
5211
5270
5596
5637
5701
5704
5716
5789
5837
5840
5909
5991
6077
6163
6200
6280
6296
6383
6422
6456
6481
6509
6534
6580
6664
6762
6782
6965
6995
6997
7017
7027
7033
7045
7067
7172
7199
7253
7260
7370
7401
7423
7584
7678
7690
7947
7994
8017
8019
8020
8021
8022
8026
8027
8029
8035
8047
8106
8117
8422
8468
8511
8657
8687
8747
8834
8863
8882
8889
8891
8906
8937
8963
9008
9055
9101
9327
9368
9414
9422
9626
9643
9774
9783
9788
9820
9916
9948
10013
10191
10360
10371
10436
10553
10574
10805
10907
10935
11026
11039
11309
11337
11361
11386
11402
11503
11688
11766
11808
11858
11888
12006
12022
12275
12300
12335
12351
12356
12382
12395
12417
12430
12451
12457
12508
12679
12702
12920
12984
12988
13079
13248
13257
13563
13661
13833
13962
14024
14051
14094
14174
14386
14607
14702
14911
14964
15118
15127
15158
15485
15857
15898
15937
15999
16027
16032
16048
16103
16275
16353
16461
16601
16626
16937
17074
17095
17249
17395
17455
17542
17632
17787
17891
17913
150
325
337
411
444
551
563
757
765
962
978
992
1046
1090
1120
1179
1199
1239
1286
1318
1353
1395
1410
1531
1534
1597
1665
1667
1745
1773
1774
1779
1784
1807
1826
1950
2078
2173
2345
2365
2383
2501
2541
2599
2610
2651
2881
2882
3024
3047
3205
3234
3501
3508
3555
3601
3627
3904
3951
3972
4031
4057
4257
4377
4457
4602
4818
5038
5091
5547
5625
5632
5679
5758
5826
5975
5979
6096
6166
6204
6222
6297
6397
6432
6467
6476
6507
6663
6736
6739
6846
6922
7078
7220
7222
7223
7252
7345
7569
7633
7680
7771
7790
8012
8013
8018
8037
8039
8040
8041
8042
8043
8096
8135
8163
8184
8236
8297
8309
8354
8355
8480
8588
8880
9287
9331
9425
9431
9445
9461
9554
9556
9562
9591
9712
9795
9832
9998
10142
10343
10366
10403
10420
10457
10503
10571
10633
10640
10645
10712
10755
10795
10900
10924
10959
10975
11097
11155
11197
11350
11420
11431
11452
11549
11572
11576
11670
11676
11707
11842
11912
11929
12021
12131
12159
12601
12605
12631
12746
12777
12860
13023
13077
13088
13205
13210
13539
13548
13593
13638
13641
13646
13728
13802
13813
13845
13855
13856
13908
13924
13926
14070
14126
14170
14280
14342
14390
15024
15032
15072
15089
15319
15404
15459
15548
15561
15579
15893
16028
16085
16164
16191
16236
16265
16508
16613
16738
16803
16911
16929
16979
17067
17128
17169
17189
17209
17424
17531
17608
17668
17674
17724
17760
17783
17795
17848
17909
17976
18016
119
220
312
518
853
941
946
1129
1209
1218
1263
1399
1404
1791
1841
2003
2014
2016
2199
2250
2363
2377
2406
2453
2472
2473
2638
2669
2779
2829
2887
2933
2959
3001
3111
3326
3478
3491
3659
3720
3740
3752
3761
3862
4067
4088
4154
4321
4346
4365
4375
4390
4420
4469
4577
4579
4622
4808
4878
4900
5013
5100
5164
5274
5296
5459
5486
5514
5599
5672
5741
5856
5866
5881
5959
5986
6041
6067
6074
6075
6123
6208
6307
6311
6373
6431
6483
6726
6734
6807
6853
6970
7214
7231
7237
7297
7309
7328
7342
7445
7648
7733
7753
7863
7952
7954
7976
8038
8063
8087
8089
8107
8124
8130
8134
8581
8589
8610
8694
8779
8813
8888
9030
9168
9179
9241
9293
9343
9365
9408
9419
9449
9597
9847
9917
9992
10035
10128
10179
10381
10405
10453
10504
10531
10582
10599
10648
10653
10691
10753
10862
10880
10914
10938
11141
11243
11336
11392
11408
11422
11433
11438
11527
11714
11744
11761
12010
12026
12086
12102
12132
12156
12215
12231
12337
12346
12394
12445
12528
12586
12627
12634
12678
12735
12765
12855
12859
12865
12889
12917
13001
13002
13035
13041
13051
13066
13105
13190
13265
13329
13486
13516
13706
13871
13894
13987
13992
14008
14146
14169
14210
14298
14330
14373
14608
14871
14890
15052
15207
15234
15511
15537
15559
15637
15677
15690
15693
15715
15863
15994
16065
16139
16195
16256
16324
16410
16473
16523
16531
16595
16659
16735
16899
16991
17100
17107
17115
17119
17142
17166
17229
17294
17335
17506
17550
17778
17866
17903
17920
17921
17925
17979
144
183
344
355
406
455
495
502
616
680
689
892
903
970
971
1039
1077
1085
1407
1498
1499
1532
1607
1650
1718
1812
1830
1943
2019
2425
2426
2454
2533
2542
2584
2745
2781
2816
2828
2917
3160
3227
3390
3406
3556
3576
3589
3641
3672
3773
3801
3848
3995
4145
4252
4301
4315
4496
4557
4646
4655
4711
4779
4781
4947
4969
5006
5014
5055
5079
5201
5269
5319
5361
5477
5731
5732
5855
6005
6018
6164
6249
6411
6412
6493
6585
6587
6629
6721
6801
6802
6805
6861
6898
6978
7138
7194
7224
7228
7247
7318
7450
7459
7500
7580
7661
7702
7823
7865
7901
7909
7960
8015
8178
8302
8371
8390
8460
8467
8509
8513
8550
8619
8643
8819
8968
8976
8983
9036
9212
9224
9249
9295
9335
9480
9547
9638
9679
9865
9974
10002
10012
10267
10516
10580
10602
10627
10660
10751
10774
10923
10941
11071
11088
11253
11303
11396
11421
11426
11537
11580
11596
11655
11685
11729
11730
11785
11796
11875
12043
12138
12155
12377
12493
12499
12534
12595
12641
12649
12670
12800
12867
12997
13053
13259
13326
13330
13365
13453
13521
13531
13649
13800
13937
13951
14006
14055
14173
14317
15090
15123
15165
15187
15211
15292
15360
15425
15461
15517
15550
15615
15674
15678
15684
15702
15987
16082
16194
16364
16522
16524
16731
16737
16764
16795
16822
16829
16913
17130
17198
17242
17263
17418
17452
17807
17885
17933
18054
8
81
243
251
267
324
329
397
456
491
528
598
705
807
838
929
966
979
1064
1130
1150
1267
1349
1683
1743
1911
1952
1963
2052
2053
2300
2419
2668
2709
2730
2809
2814
2896
2907
2986
3189
3307
3319
3435
3535
3564
3588
3613
3619
3628
4008
4074
4094
4146
4178
4248
4288
4367
4387
4400
4410
4537
4559
4605
4619
4732
4765
4877
4965
4994
5086
5144
5180
5186
5284
5326
5338
5391
5422
5571
5706
5724
5738
5870
5892
5970
6002
6162
6401
6426
6465
6485
6575
6601
6611
6623
6637
6647
6665
6745
6828
6980
7242
7457
7499
7503
7519
7552
7568
7930
7933
7987
8011
8016
8076
8105
8110
8115
8311
8456
8488
8507
8564
8605
8706
8853
8917
9045
9315
9355
9377
9443
9493
9526
9590
9596
9726
9796
9813
9822
9895
9983
10020
10025
10099
10556
10597
10731
10791
10873
10962
11130
11149
11343
11394
11560
11613
11639
11662
11686
11731
11871
11900
12074
12236
12287
12367
12566
12638
12668
12801
13150
13197
13239
13313
13383
13664
13812
13850
13933
14339
14341
14393
14404
14429
14503
14551
14675
14689
14716
14730
14784
15059
15116
15285
15288
15290
15312
15342
15532
15544
15623
15634
15762
15808
15830
15876
15885
16022
16099
16157
16242
16325
16338
16412
16443
16485
16835
16886
16906
17123
17146
17204
17246
17320
17349
17600
17629
17981
63
116
137
196
352
365
441
516
592
617
630
696
803
1017
1055
1061
1121
1287
1288
1300
1397
1505
1546
1708
1763
1849
1871
1878
1934
1945
1955
1996
2157
2184
2224
2237
2399
2611
2744
2796
2888
2984
2985
3217
3257
3316
3317
3339
3364
3442
3449
3553
3711
3736
3758
3868
3925
3954
4003
4015
4034
4046
4051
4133
4192
4215
4254
4409
4417
4424
4468
4497
4505
4623
4639
4656
4709
4719
4723
4760
4814
4839
4840
4939
4959
5089
5105
5146
5434
5526
5538
5674
5721
5725
5727
5802
5977
6088
6105
6117
6251
6486
6490
6690
6695
6705
6741
6913
6953
6964
6977
7008
7117
7181
7329
7531
7622
7786
7860
7934
7963
7974
8113
8156
8174
8195
8376
8450
8572
8594
8726
8982
9037
9099
9130
9136
9190
9305
9324
9325
9421
9428
9473
9481
9487
9585
9598
9739
9749
9761
9766
9919
9949
10140
10159
10228
10285
10327
10454
10475
10557
10576
10598
10603
10626
10646
10726
10802
10881
10986
11037
11151
11224
11240
11277
11380
11389
11454
11494
11558
11680
11751
11788
11904
11955
11996
12005
12020
12453
12555
12862
12897
13005
13032
13133
13147
13187
13286
13290
13319
13324
13403
13522
13535
13550
13682
13718
13829
13858
13906
14019
14061
14140
14205
14213
14413
14474
14643
14647
14894
15014
15085
15164
15247
15490
15627
15739
15764
15807
15979
16055
16193
16211
16352
16429
16432
16479
16533
16660
16736
16748
16788
16846
16932
17050
17175
17259
17488
17497
17591
17625
17701
17727
17789
17928
18071
18081
72
118
124
146
259
265
363
390
404
452
489
508
522
561
917
1003
1029
1044
1058
1098
1167
1257
1312
1411
1432
1503
1507
1523
1535
1557
1692
1785
1825
1850
1912
1946
1962
2158
2221
2230
2246
2342
2388
2436
2468
2515
2552
2678
2687
2740
2747
2797
2808
2863
3074
3083
3107
3255
3260
3288
3405
3526
3570
3683
3808
3849
3867
3882
4013
4155
4267
4298
4593
4597
4667
4714
4744
4899
4906
5010
5064
5076
5176
5228
5261
5303
5447
5450
5476
5487
5495
5515
5536
5586
5733
5749
5846
5948
5967
6066
6233
6315
6335
6367
6419
6487
6737
6756
6877
6887
7021
7104
7133
7164
7232
7331
7362
7387
7427
7559
7632
7660
7739
7763
7765
7866
7956
7978
8060
8099
8210
8216
8313
8472
8515
8523
8669
8987
9024
9059
9308
9322
9540
9563
9587
9633
9711
9791
9906
9985
10008
10110
10255
10329
10379
10567
10630
10686
10697
10808
10832
10905
10915
11101
11128
11150
11176
11199
11279
11339
11413
11436
11548
11727
11839
11878
11902
11938
11999
12082
12166
12179
12247
12289
12294
12317
12324
12344
12488
12530
12692
12707
12876
12891
13009
13021
13098
13178
13221
13281
13320
13443
13499
13520
13581
13637
13659
13722
13762
13946
14244
14257
14262
14300
14325
14432
14454
14528
14585
14636
14752
15039
15100
15157
15278
15284
15326
15463
15687
15774
15968
16136
16219
16330
16356
16372
16408
16488
16609
16713
16747
16766
16839
16854
16876
16919
16977
17031
17165
17176
17178
17250
17258
17390
17426
17499
17510
17559
17578
17590
17897
17957
18104
86
87
100
210
260
356
442
535
571
773
805
811
921
990
1001
1063
1112
1138
1240
1342
1424
1443
1446
1490
1512
1722
1759
2087
2144
2163
2296
2337
2418
2439
2648
2692
2759
2815
2839
2976
3000
3168
3222
3259
3266
3311
3486
3559
3739
3741
3746
3779
3842
3844
3888
3997
4232
4265
4308
4475
4487
4518
4526
4561
4581
4642
4674
4864
4975
4982
4992
5024
5043
5047
5177
5325
5433
5443
5503
5543
5603
5702
5821
5873
5910
6004
6009
6030
6079
6201
6269
6295
6341
6434
6514
6549
6574
6577
7051
7146
7150
7276
7313
7435
7438
7449
7458
7463
7485
7699
7776
7787
7937
7988
8050
8192
8243
8285
8374
8554
8682
8807
8814
8942
8969
8994
9135
9253
9288
9339
9599
9750
9754
9898
9907
10054
10134
10156
10279
10281
10318
10354
10401
10595
10739
10892
11021
11048
11144
11275
11323
11371
11455
11577
11661
11712
11713
11718
11760
11864
12016
12036
12112
12117
12144
12228
12297
12303
12343
12348
12400
12414
12447
12484
12597
12613
12718
12727
12748
12805
12828
12955
13115
13314
13333
13359
13432
13440
13489
13562
13867
13891
13976
14078
14091
14100
14122
14154
14191
14198
14715
14765
14888
15114
15197
15200
15294
15296
15325
15403
15443
15447
15489
15515
15549
15711
15838
16024
16239
16297
16464
16475
16515
16555
16692
16708
16724
16728
16824
17025
17037
17038
17041
17052
17060
17187
17261
17323
17438
17546
17617
17648
17652
17710
17725
171
194
283
315
424
460
461
619
629
849
886
975
1062
1139
1168
1174
1293
1337
1423
1541
1631
1730
1736
1782
2061
2070
2203
2254
2346
2483
2578
2632
2655
2838
2906
2920
3022
3045
3081
3100
3433
3439
3579
3600
3680
3835
3920
4042
4050
4053
4071
4175
4218
4542
4551
4567
4635
4686
4807
4826
4888
4935
4981
5061
5101
5250
5255
5258
5344
5449
5640
5662
5695
5707
5813
5862
5871
5918
5944
6228
6318
6442
6524
6849
6896
6992
7050
7139
7144
7152
7208
7283
7411
7416
7579
7766
7783
7791
7802
7821
7971
8118
8154
8162
8284
8289
8333
8345
8363
8384
8411
8434
8615
8646
8708
8719
8725
8737
8738
8761
8769
8837
8876
9006
9032
9048
9063
9100
9121
9166
9186
9313
9340
9356
9412
9446
9474
9498
9527
9532
9575
9634
9703
9758
9945
10068
10286
10391
10409
10476
10654
10831
11012
11025
11076
11081
11102
11164
11219
11340
11410
11446
11501
11535
11626
11644
11671
11752
11757
11822
12012
12164
12188
12251
12365
12436
12437
12557
12598
12609
12784
12788
12896
12915
12916
13218
13237
13397
13407
13439
13577
13713
13991
14177
14270
14362
14384
14523
14533
14557
14736
14751
14758
14769
14878
14902
14915
14924
15006
15129
15272
15366
15488
15538
15705
15718
15803
15847
15854
15906
15973
15991
16035
16046
16058
16285
16333
16371
16547
16554
16565
16645
16658
16719
16753
16838
16936
16944
16967
17192
17217
17221
17825
17969
17990
17994
18058
242
244
286
369
428
509
750
792
858
1036
1122
1131
1171
1212
1234
1238
1393
1524
1527
1558
1672
1688
1749
1973
2069
2083
2114
2140
2142
2146
2244
2343
2444
2496
2550
2563
2629
2631
2659
2660
2673
2827
2942
3039
3121
3174
3244
3352
3517
3519
3532
3603
3629
3717
3881
3886
3936
3962
3965
3974
4044
4229
4244
4464
4570
4589
4649
4710
4751
4787
4868
5071
5160
5217
5377
5597
5616
5621
5673
5705
5708
5730
5752
5768
5820
5887
6036
6175
6293
6314
6502
6692
6819
6901
6950
7391
7395
7406
7554
7667
7668
7785
7788
7875
7892
7898
7962
8001
8125
8151
8263
8337
8347
8516
8627
8759
8831
8901
9013
9025
9034
9256
9359
9485
9635
9639
9655
9676
9792
9960
10072
10171
10180
10434
10492
10536
10577
10639
10661
10925
10934
10957
11187
11311
11318
11375
11381
11515
11635
11668
11701
11720
11740
11831
11837
11872
11886
11890
12004
12092
12109
12258
12413
12567
12583
12752
12812
12898
13010
13022
13030
13073
13107
13195
13198
13338
13349
13353
13460
13474
13566
13611
13857
14118
14197
14235
14401
14405
14408
14418
14579
14711
14760
15053
15061
15066
15084
15133
15136
15149
15343
15414
15460
15476
15631
15980
15993
16077
16269
16281
16342
16365
16536
16556
16675
16700
16712
16759
16894
16907
17121
17177
17184
17190
17331
17339
17463
17475
17661
17690
17692
17694
17740
17756
17766
17820
17886
18088
23
47
145
193
249
366
385
727
738
739
785
1005
1065
1105
1250
1254
1313
1314
1387
1434
1655
1747
1748
1879
1992
2119
2262
2392
2393
2421
2469
2494
2503
2574
2592
2628
2671
2718
2719
2731
2802
2805
2818
2966
2974
3130
3154
3243
3298
3362
3396
3402
3412
3452
3457
3473
3598
3738
3824
3850
4166
4167
4211
4437
4485
4510
4595
4689
4793
4817
4825
4867
5025
5041
5082
5209
5335
5401
5445
5461
5508
5512
5623
5627
5685
5842
5891
5978
6013
6095
6097
6209
6246
6306
6332
6390
6613
6625
6806
6809
6833
6836
6843
6902
7134
7151
7177
7193
7300
7333
7460
7528
7547
7687
7815
7932
7951
7953
8119
8282
8433
8522
8631
8672
8678
8907
8924
9065
9097
9172
9371
9430
9438
9619
9665
9666
9826
9922
9944
10184
10229
10259
10422
10613
10637
10669
10824
10843
10960
10973
11020
11162
11398
11473
11493
11538
11619
11643
11807
11909
11910
11939
11956
12091
12093
12181
12197
12253
12259
12278
12369
12412
12459
12537
12575
12593
12636
12747
12794
12796
12845
12849
12995
13064
13295
13361
13446
13560
13622
13627
13666
13697
14241
14344
14358
14399
14427
14447
14531
14543
14582
14732
14750
14893
14941
14960
15013
15079
15139
15170
15239
15265
15275
15339
15598
15605
15642
15717
15812
15852
16021
16054
16056
16268
16487
16653
17091
17120
17206
17474
17500
17539
17553
17568
17584
17594
17705
17709
17827
17901
17912
17915
17972
17985
17988
17997
18011
18035
18083
18087
66
165
179
367
414
628
934
991
1018
1034
1038
1047
1057
1317
1488
1566
1578
1588
1656
1670
1720
1741
1754
1793
2045
2072
2164
2442
2650
2699
2701
2722
2867
2876
2983
3021
3028
3237
3466
3652
3663
3664
3924
3977
4002
4045
4113
4165
4250
4286
4361
4447
4460
4494
4534
4594
4713
4759
4851
4916
4990
5002
5062
5174
5189
5218
5235
5268
5276
5307
5398
5463
5612
5615
5651
5690
5744
5762
5775
5822
5911
6070
6132
6258
6380
6671
6696
6716
6727
6814
6818
6824
6839
6881
6951
7195
7275
7287
7358
7412
7436
7575
7614
7618
7619
7649
7701
7780
7859
7873
7940
7948
7996
8395
8496
8535
8617
8683
8705
8723
8892
8916
9018
9020
9213
9251
9341
9549
9558
9586
9589
9620
9706
9728
9740
9876
9901
9978
10149
10254
10340
10387
10464
10495
10566
10578
10611
10730
11051
11140
11229
11334
11338
11417
11479
11531
11570
11618
11993
12089
12206
12208
12209
12220
12272
12392
12416
12448
12576
12632
12671
12681
12837
12839
12959
12970
12985
12992
13291
13323
13398
13498
13595
13623
13683
13849
13866
13883
13915
13942
13967
13975
13994
14038
14044
14080
14101
14125
14335
14618
14671
14691
14714
14885
14912
14927
15007
15051
15174
15287
15469
15541
15614
15730
15735
15747
15776
16110
16119
16335
16360
16366
16380
16395
16529
16604
16690
16701
16844
16871
16881
17014
17377
17434
17563
17580
17672
17682
17683
17722
17779
17869
17888
17963
17965
18045
18067
152
227
328
409
599
684
846
872
987
1290
1348
1473
1479
1517
1673
1739
1925
1953
1954
2183
2186
2286
2351
2445
2538
2898
2908
2971
2998
3064
3133
3145
3199
3322
3327
3423
3487
3760
3847
3859
4052
4072
4306
4360
4438
4490
4585
4691
4746
4874
4886
4963
5022
5058
5096
5371
5373
5614
5639
5671
5781
5974
6019
6055
6168
6239
6339
6365
6413
6441
6591
6662
6752
6788
6879
6930
7089
7170
7264
7290
7346
7404
7516
7562
7665
7975
8083
8097
8187
8194
8203
8428
8647
8697
8707
8792
8904
8913
8948
9165
9198
9333
9345
9436
9458
9460
9610
9664
9709
9777
9798
9849
9854
10014
10026
10082
10230
10306
10440
10525
10539
10761
10830
10854
10939
10952
11034
11268
11310
11320
11405
11409
11524
11597
11665
11711
11716
11773
11812
11903
11964
11970
12151
12244
12264
12290
12407
12446
12571
12705
12744
12802
12841
12886
12953
12994
13004
13016
13024
13299
13450
13465
13597
13699
13818
13821
13826
13859
13870
13966
14049
14071
14186
14571
14673
14678
14712
14791
14798
15033
15225
15245
15353
15408
15429
15451
15543
15562
15716
15784
15890
15914
15938
15985
16050
16123
16240
16311
16498
16499
16513
16519
16552
16845
17018
17054
17081
17230
17342
17388
17416
17513
17587
17633
17658
17704
17734
17874
18000
46
123
166
434
654
937
1189
1278
1450
1514
1567
1576
1714
1740
1770
1977
2029
2058
2202
2208
2232
2274
2315
2676
2688
2721
2766
2804
2807
2927
3171
3184
3214
3283
3333
3568
3692
3696
3744
3757
4108
4156
4203
4317
4591
4592
4657
4702
4718
4740
4785
4828
5478
5500
5567
5628
5650
5718
5760
5833
5857
5859
5943
5992
6025
6381
6389
6505
6614
6682
6778
6795
6878
6895
6962
6999
7014
7028
7119
7186
7274
7284
7302
7359
7381
7673
7726
7734
7738
7849
7927
7950
8142
8199
8204
8303
8307
8426
8465
8476
8498
8514
8548
8602
8703
8800
8829
8845
9001
9049
9207
9239
9326
9382
9399
9463
9467
9557
9581
9600
9617
9646
9704
9773
9884
9909
10622
10729
10750
10754
10841
10967
11017
11019
11083
11198
11282
11296
11342
11437
11463
11532
11646
11681
11732
11759
11928
11933
11946
11972
11973
12460
12617
12660
12709
12756
12773
12835
12944
12948
13029
13327
13370
13437
13557
13599
13604
13743
13794
13879
13952
14085
14102
14165
14200
14340
14357
14440
14501
14564
14630
14738
14762
14884
14900
14932
15021
15029
15044
15156
15160
15222
15232
15249
15264
15289
15392
15421
15455
15731
15767
15814
15834
15905
16403
16569
16578
16689
16862
16903
16915
17019
17043
17224
17327
17328
17389
17460
17505
17645
17675
17726
17854
6
50
148
280
410
439
504
541
585
685
720
737
760
778
808
864
1016
1437
1526
1554
1582
1604
1661
1817
1821
1875
2145
2323
2389
2390
2446
2694
2849
2871
3110
3144
3187
3188
3251
3287
3444
3485
3493
3590
3644
3660
3682
3685
3993
4056
4208
4290
4422
4446
4563
4572
4638
4687
4803
4821
4860
4928
4977
5168
5178
5281
5317
5388
5540
5912
5929
5935
5973
6008
6026
6062
6279
6294
6333
6353
6356
6508
6603
6776
6817
6910
6947
7022
7029
7090
7239
7322
7350
7351
7496
7521
7609
7629
7850
8074
8165
8234
8268
8409
8466
8620
8638
8640
8872
8884
8919
8927
8928
9000
9157
9192
9199
9363
9576
9618
9625
9735
9980
10075
10120
10258
10278
10350
10500
10616
10651
10769
10866
10895
10953
10978
10985
11030
11106
11110
11119
11133
11200
11341
11432
11453
11478
11525
11612
11628
11666
11706
11869
12071
12080
12101
12145
12192
12475
12677
12770
12858
12991
13056
13059
13158
13285
13344
13405
13438
13442
13484
13529
13665
13943
13986
13999
14133
14141
14267
14378
14380
14416
14437
14450
14556
14880
14934
14954
15048
15199
15217
15226
15261
15422
15502
15503
15622
15658
15798
15802
15816
15975
15989
16029
16072
16135
16370
16411
16447
16486
16511
16551
16642
16729
16765
16808
16831
16901
17036
17222
17329
17414
17440
17461
17733
17763
17810
17860
17918
18004
17
28
60
107
195
232
252
339
604
683
687
744
754
833
839
918
951
1140
1147
1190
1201
1207
1306
1494
1530
1579
1700
1788
1838
1882
2012
2015
2204
2292
2396
2500
2566
2577
2581
2716
2717
2743
2758
2786
2832
2973
3026
3029
3035
3040
3159
3272
3424
3430
3567
3635
3742
3776
3952
4109
4127
4151
4183
4314
4341
4384
4394
4462
4586
4677
5221
5234
5271
5352
5363
5389
5446
5457
5728
5800
6276
6303
6326
6455
6488
6496
6646
6661
6920
6969
7012
7044
7157
7246
7330
7495
7498
7529
7539
7604
7884
7893
7900
8003
8436
8445
8446
8562
8869
8984
9082
9156
9307
9472
9548
9615
9640
9658
9671
9677
9872
9889
10136
10392
10439
10441
10471
10511
10629
10713
10784
10872
10940
10955
10970
11064
11065
11075
11159
11180
11204
11359
11364
11545
11673
11690
11833
12064
12070
12110
12128
12154
12242
12323
12415
12434
12456
12509
12535
12549
12573
12591
12654
12690
12931
13176
13225
13252
13394
13421
13621
13651
13671
13753
13805
13839
13862
13882
13918
13972
14135
14243
14254
14268
14296
14323
14367
14479
14603
14741
14914
14957
15081
15109
15178
15237
15238
15379
15509
15673
15719
15818
15881
15941
16198
16228
16235
16261
16309
16319
16392
16477
16553
16567
16682
16787
16883
16997
17248
17274
17393
17408
17538
17602
17671
17677
17720
17762
17922
17953
18069
90
153
429
448
465
534
641
667
671
733
761
844
919
976
1176
1269
1368
1680
1691
1916
1923
2056
2077
2079
2264
2306
2415
2565
2573
2596
2670
2738
2789
3097
3252
3269
3308
3392
3425
3548
3665
3755
3771
3858
4014
4066
4231
4323
4339
4348
4600
4733
4849
4966
4979
5083
5379
5384
5430
5496
5513
5670
5686
5861
5972
6047
6072
6167
6230
6302
6313
6395
6403
6503
6530
6532
6667
6694
6723
6790
6792
6832
6841
6857
6968
6986
7057
7312
7341
7349
7384
7405
7429
7461
7472
7486
7520
7774
7789
7885
7995
8057
8183
8464
8555
8577
8596
8618
8624
8628
8654
8722
8954
8996
9086
9178
9222
9271
9370
9525
9531
9571
9580
9669
9782
9818
9862
10005
10027
10048
10119
10172
10280
10442
10624
10700
10844
11018
11023
11024
11059
11074
11231
11270
11372
11444
11550
11653
12088
12196
12246
12352
12370
12628
12656
12757
12863
12919
13025
13090
13114
13411
13731
13738
13864
14005
14022
14045
14047
14054
14103
14157
14189
14234
14338
14377
14392
14463
14667
14706
14795
14913
15020
15078
15518
15661
15671
15859
15866
15958
16166
16315
16501
16520
16535
16704
16872
16952
17063
17080
17208
17267
17366
17473
17599
17631
17640
17689
17698
17883
37
61
474
493
682
879
950
999
1071
1163
1223
1389
1408
1470
1537
1544
1583
2097
2178
2255
2380
2433
2471
2568
2723
2724
2803
2918
3177
3277
3368
3621
3690
3793
3840
4062
4164
4266
4386
4455
4514
4566
4662
4664
4666
4678
4786
4799
4806
4915
5026
5067
5264
5376
5417
5438
5452
5924
5947
5987
6169
6327
6375
6382
6484
6497
6518
6748
6758
6981
7036
7106
7147
7149
7293
7319
7348
7355
7509
7663
7684
7729
7808
7817
7970
8169
8224
8318
8475
8485
8521
8600
8690
8860
8926
8943
8977
9057
9112
9189
9282
9378
9606
9637
9755
9886
9888
10000
10105
10300
10338
10418
10467
10483
10592
10765
10779
10800
10801
10851
11084
11122
11153
11185
11274
11335
11412
11482
11490
11631
11663
11699
11770
11850
11934
12058
12168
12185
12338
12385
12435
12469
12476
12542
12553
12604
12648
12663
12683
12684
12753
12814
12990
12993
13012
13075
13102
13135
13175
13315
13322
13466
13545
13590
13609
13678
13756
13824
13904
13917
14029
14042
14167
14221
14285
14328
14472
14899
14940
14942
15037
15057
15058
15185
15253
15282
15535
15699
15779
15844
15878
15909
15996
16018
16124
16155
16286
16518
16917
16934
16990
17162
17228
17272
17299
17422
17447
17464
17478
17564
17718
17728
17906
17959
18002
18013
18044
52
147
155
161
240
419
459
548
605
631
676
721
837
887
894
916
994
1274
1371
1391
1394
1533
1552
1682
1834
2038
2200
2276
2394
2476
2502
2657
2711
2778
2837
2895
2903
2924
2935
2952
2958
2994
3052
3186
3242
3250
3290
3334
3400
3506
3565
3597
3662
3721
3830
3860
3883
3916
3948
3976
4131
4263
4313
4488
4741
4943
4997
5099
5115
5155
5331
5525
5668
5798
5801
5839
5985
6093
6110
6146
6181
6223
6298
6328
6344
6599
6751
6834
6845
6987
7091
7123
7131
7137
7160
7212
7320
7371
7426
7452
7590
7623
7647
7657
7676
7679
7714
7721
7922
7945
8155
8218
8299
8479
8799
8990
9129
9201
9229
9250
9266
9292
9423
9502
9517
9714
9744
9760
9824
9845
9864
9879
10270
10341
10378
10445
10463
10474
10590
10647
10845
10887
10968
11044
11329
11365
11407
11419
11424
11461
11593
11645
11682
11797
11828
11966
12042
12076
12172
12184
12239
12260
12296
12336
12345
12422
12461
12503
12541
12561
12622
12934
13119
13276
13332
13390
13427
13608
13632
13696
13711
13869
13880
14050
14121
14376
14389
14403
14539
14561
14658
14779
15043
15167
15169
15184
15457
15625
15653
15662
15697
15713
15919
15926
15960
15986
16130
16270
16302
16347
16571
17003
17072
17170
17227
17300
17419
17516
17588
17620
17649
17673
17967
18066
120
185
266
333
393
451
453
552
647
851
1035
1108
1151
1605
1609
1613
1653
1853
2116
2294
2409
2777
2941
3041
3090
3127
3149
3218
3224
3377
3403
3525
3643
3832
3937
4118
4296
4320
4415
4444
4445
4604
4783
4788
4883
4896
5032
5097
5156
5166
5206
5502
5635
5713
5780
5799
5810
5875
5934
5983
5989
5997
6056
6351
6370
6374
6459
6615
6657
6759
6771
7145
7251
7332
7394
8058
8078
8164
8233
8251
8288
8290
8352
8392
8532
8614
8768
8849
8852
8866
8902
8998
9031
9176
9183
9205
9247
9297
9347
9366
9574
9710
9757
9779
9817
9828
9861
9965
9989
10031
10086
10106
10283
10417
10447
10551
10710
10821
10871
10882
10902
11007
11033
11113
11118
11152
11169
11327
11382
11520
11540
11654
11726
11763
11769
11776
11867
11937
11992
12062
12123
12194
12463
12559
12623
12818
12881
12938
12941
13026
13055
13070
13174
13372
13488
13586
13636
13672
13690
13874
13936
14032
14035
14097
14149
14171
14218
14281
14433
14469
14473
14559
14746
14776
14897
14925
14929
15215
15302
15318
15351
15352
15567
15624
15709
15868
16049
16126
16203
16397
16430
16433
16521
16584
16617
16686
16718
16732
16813
16994
17172
17180
17200
17254
17465
17522
17525
17577
17582
17684
17703
17745
17919
17932
18086
108
222
271
435
471
610
662
723
758
769
801
836
850
883
1095
1096
1134
1187
1268
1270
1285
1308
1343
1463
1662
1705
1750
1800
1918
2285
2417
2447
2645
2680
2684
2748
2821
2823
3038
3059
3085
3099
3128
3166
3183
3228
3245
3293
3332
3461
3661
3762
3863
3950
4021
4076
4144
4253
4264
4501
4634
4671
4780
4837
4866
5059
5143
5298
5308
5351
5370
5460
5472
5624
5652
5693
5880
6154
6261
6357
6584
6590
6746
6800
6874
6888
7016
7041
7098
7141
7640
7807
8244
8435
8437
8565
8701
8806
8874
8918
8944
9094
9117
9312
9358
9440
9478
9545
9621
9855
9891
9931
10155
10199
10295
10335
10373
10435
10465
10545
10764
10820
10930
10999
11028
11135
11212
11284
11411
11533
11564
11627
11704
11789
11806
11829
11947
12200
12238
12304
12425
12577
12582
12599
12643
12758
12947
12952
13108
13308
13318
13331
13363
13367
13513
13582
13616
13861
13914
13954
13985
14001
14062
14168
14181
14229
14314
14525
14628
14737
15076
15219
15365
15462
15596
15597
15666
15827
15879
15910
16255
16264
16284
16307
16402
16466
16611
16726
16744
16778
16841
17075
17199
17225
17489
17498
17630
17715
17796
17907
17964
14
73
109
151
457
503
512
545
1261
1414
1620
1647
1706
1724
1735
1994
2066
2080
2241
2275
2460
2487
3070
3073
3095
3267
3271
3320
3351
3609
3734
3787
4100
4132
4137
4610
4618
4663
4734
4782
4854
4894
4945
4951
4974
5008
5045
5233
5285
5578
5649
5669
5858
5954
6038
6082
6122
6126
6187
6218
6268
6338
6342
6554
6600
6796
6825
6869
6919
6985
7005
7064
7085
7127
7278
7335
7447
7597
7603
7637
7804
7855
7887
7928
7931
7939
7959
8168
8382
8506
8540
8551
8644
8679
8731
8746
8797
8859
8877
8894
8935
8956
8965
9019
9131
9200
9230
9283
9367
9395
9451
9506
9538
9645
9651
9680
9715
9724
9741
9885
10200
10256
10266
10480
10523
10596
10604
10609
10638
11201
11218
11366
11368
11400
11414
11429
11516
11518
11610
11677
11825
11853
12201
12222
12262
12292
12386
12462
12560
12698
12733
12738
12864
12936
12987
13007
13037
13080
13104
13342
13415
13798
14108
14112
14123
14215
14369
14397
14423
14470
14497
14552
14588
14734
15086
15141
15329
15394
15512
15522
15531
15621
15643
15698
15724
15842
16132
16253
16490
16670
16733
16823
17064
17168
17269
17289
17318
17371
17487
17610
17746
17987
17995
18006
25
170
189
294
323
364
426
487
537
606
652
663
713
809
852
906
968
1048
1202
1264
1326
1365
1396
1406
1435
1474
1476
1536
1913
1957
2028
2133
2175
2279
2313
2327
2559
2609
2708
2793
2886
2889
2949
3044
3057
3093
3209
3518
3524
3580
3743
3803
3897
3912
3949
3996
4090
4121
4186
4209
4500
4502
4568
4584
4608
4665
4752
4753
4792
4833
4845
4875
5003
5182
5204
5369
5414
5600
5723
6003
6151
6190
6388
6466
6489
6620
6733
6770
6787
6789
6799
6838
6867
6880
7100
7140
7303
7307
7400
7525
7735
8141
8202
8245
8262
8340
8408
8580
8608
8660
8724
8752
9204
9267
9559
9616
9918
9935
10174
10212
10250
10308
10314
10348
10395
10406
10788
11053
11129
11227
11266
11272
11403
11460
11507
11573
11609
11642
11658
11702
11747
11820
11838
12028
12178
12183
12267
12269
12288
12316
12368
12393
12440
12477
12514
12635
12792
13129
13351
13416
13519
13533
13677
13748
13760
13825
13844
13995
14000
14263
14375
14407
14649
14759
14967
15186
15257
15555
15732
15742
15845
15920
15925
15947
15988
16051
16538
16809
16852
17027
17131
17202
17355
17370
17442
17800
17968
18056
18068
59
62
91
141
226
248
296
490
494
532
694
710
766
891
940
1093
1211
1283
1284
1331
1441
1459
1569
1890
1908
2128
2131
2156
2236
2314
2431
2451
2507
2525
2560
2685
2981
2989
3101
3533
3540
3630
3725
3780
3879
4022
4060
4297
4423
4431
4556
4859
4873
4891
4980
5051
5081
5124
5128
5199
5202
5239
5289
5715
5805
5876
5966
5984
6068
6106
6250
6364
6491
6606
6627
6693
6866
7010
7034
7203
7310
7323
7380
7674
7722
7805
7806
7820
7836
7881
7990
8053
8286
8321
8424
8533
8753
8788
8812
8824
8857
9041
9046
9064
9080
9202
9284
9369
9514
9841
10185
10196
10273
10365
10579
10607
10981
11136
11194
11220
11369
11406
11876
11911
11952
12011
12030
12100
12133
12187
12318
12522
12621
12771
12776
12778
12813
12954
13078
13153
13227
13236
13328
13364
13373
13444
13457
13472
13477
13585
13808
14081
14114
14196
14266
14305
14326
14415
14443
14500
14504
14664
15050
15054
15155
15258
15396
15506
15714
15963
16031
16425
16632
16641
16652
16730
16866
16956
16987
17086
17233
17298
17369
17659
17687
17814
17867
17996
18007
154
197
233
303
314
425
443
732
764
856
912
948
1069
1137
1197
1200
1262
1589
1678
1738
1772
1797
1811
1818
1900
1922
2470
2562
2858
2934
2970
3123
3536
3726
3745
3834
3845
3918
4006
4139
4294
4404
4421
4451
4479
4513
4547
4700
5021
5056
5117
5196
5225
5368
5411
5415
5499
5509
5532
5613
5677
5776
5848
5900
5961
5999
6188
6262
6938
7011
7049
7121
7213
7286
7424
7465
7513
7599
7652
7818
7862
7955
7969
8370
8421
8432
8542
8556
8645
8670
8835
8873
9070
9228
9255
9403
9426
9500
9647
9678
9751
9809
10111
10133
10242
10294
10374
10438
10462
10534
10625
10727
11139
11143
11148
11214
11255
11324
11356
11640
11657
11703
11891
11925
12090
12176
12263
12299
12387
12458
12531
12550
12695
12701
12870
13224
13357
13436
13538
13558
13613
13670
13686
13931
14144
14231
14577
14652
14704
14774
14917
15102
15115
15273
15349
15373
15499
15599
15618
15648
15685
15865
15869
15897
16168
16248
16274
16357
16382
16438
16540
16711
17005
17211
17317
17397
17404
17411
17657
17678
17858
17948
17955
18064
198
362
782
794
810
840
863
956
961
964
977
988
1030
1073
1094
1107
1289
1292
1375
1547
1648
1652
1679
1681
1775
1783
1848
1872
1969
1982
2005
2179
2287
2328
2332
2360
2521
2707
2937
3416
3431
3522
3792
3872
4005
4268
4355
4391
4428
4630
4739
4850
4991
5313
5355
5360
5533
5791
5794
5847
6024
6063
6156
6272
6336
6352
6405
6452
6594
6666
6772
6808
6840
7643
7689
7828
7871
7904
7910
7912
8400
8598
8625
8673
8677
8695
9044
9069
9211
9294
9388
9632
9654
9819
9874
9904
10063
10125
10272
10282
10334
10353
10383
10423
10491
10666
10674
10736
10743
10763
10828
10906
11062
11126
11188
11193
11222
11700
11805
11849
11865
11899
11907
12060
12106
12119
12234
12237
12261
12397
12410
12497
12511
12512
12556
12574
12590
12764
12785
12844
12878
13045
13048
13343
13389
13469
13501
13803
13896
14033
14309
14324
14406
14434
14642
14708
15046
15083
15110
15111
15138
15303
15350
15390
15474
15554
15578
15581
15594
15777
15799
15942
16131
16171
16186
16393
16431
17509
17619
17753
17836
17911
17954
18060
2
48
133
231
615
939
952
1097
1127
1153
1158
1277
1336
1388
1413
1465
1482
1506
1559
1865
1935
1971
2123
2192
2245
2295
2608
2649
2733
2813
2848
3318
3383
3426
3456
3544
3549
3702
3789
3814
3899
4153
4163
4362
4406
4670
4742
4925
4946
5113
5188
5287
5357
5399
5462
5493
6017
6103
6138
6263
6312
6707
6715
6918
7039
7084
7116
7142
7187
7311
7473
7601
7767
7803
7829
7902
8061
8191
8326
8344
8362
8988
9511
9522
9659
9686
9752
9812
9814
9857
9928
10290
10414
10421
10446
10546
10584
10635
10737
10929
11008
11090
11312
11500
11561
11601
11734
11748
11777
11795
11861
11985
12075
12079
12162
12230
12364
12443
12510
12703
12821
12885
13006
13111
13212
13424
13510
13556
13629
13668
13705
13734
13764
13765
14083
14214
14240
14471
14575
14662
14684
14694
14931
15077
15140
15172
15330
15577
15588
15657
15672
15760
15769
15860
15867
15883
16030
16106
16158
16188
16192
16428
16481
16505
16629
16819
16826
16843
16868
16945
17174
17234
17235
17287
17423
17451
17784
17898
276
536
613
679
681
796
960
1183
1382
1518
1896
1933
2067
2139
2148
2223
2373
2564
2693
2700
3303
3537
3728
3777
3788
3928
4035
4204
4364
4389
4465
4467
4484
4690
4696
4704
4805
4879
5121
5236
5286
5354
5423
5473
5498
5554
5664
5694
5717
5743
6065
6159
6191
6260
6410
6472
6619
6731
6738
6996
7204
7236
7279
7321
7410
7565
7703
7744
7856
8048
8079
8223
8241
8259
8339
8393
8394
8530
8531
8739
8804
8815
8861
8881
9533
9693
9698
9762
9790
10157
10201
10217
10456
10478
10759
10822
10861
10890
10932
11173
11202
11297
11439
11638
11684
11719
11723
11737
11810
11815
11883
12229
12378
12411
12505
12533
12669
12685
12691
12817
13204
13356
13368
13452
13527
13547
14002
14111
14187
14421
14549
14578
14726
15270
15320
15357
15482
15587
15780
15840
15874
15875
15956
16062
16070
16339
16698
16715
16897
17006
17034
17337
17368
17641
17781
17872
17975
18047
3
79
110
143
483
575
584
678
686
703
725
865
874
944
1070
1075
1252
1386
1625
1789
1828
1833
2060
2171
2211
2283
2404
2767
2772
2782
2788
2859
2861
2885
2938
2962
3140
3201
3286
3295
3440
3513
3699
3768
3885
3892
3932
4069
4111
4112
4188
4258
4261
4413
4565
5407
5551
5740
5754
5785
5928
5990
6027
6049
6054
6080
6180
6286
6392
6593
6636
6763
6813
6826
7013
7069
7099
7111
7136
7143
7353
7375
7392
7421
7611
7719
7761
7770
7847
7915
7958
8287
8440
8630
8661
8986
9118
9175
9338
9405
9407
9542
9700
9941
10112
10227
10349
10368
10372
10575
10588
10605
10614
10728
10781
10860
10937
11108
11259
11307
11384
11401
11667
11679
11834
11892
11994
12029
12069
12083
12095
12186
12203
12293
12306
12380
12548
12750
12768
12829
12996
13043
13082
13087
13144
13215
13496
13517
13614
13710
13724
13843
14056
14093
14172
14207
14212
14264
14321
14349
14595
14881
14896
14909
15180
15277
15293
15441
15452
15542
15602
15609
15957
16238
16404
16960
17028
17147
17238
17245
17333
17409
17495
17567
17651
17811
17855
122
176
408
433
621
690
740
777
1045
1346
1377
1577
1611
1640
1649
1765
1801
1831
2048
2095
2107
2120
2165
2402
2478
2520
2702
2756
2785
3389
3737
3756
3846
3956
4177
4236
4344
4412
4432
4448
4777
4798
4880
4944
5060
5138
5197
5403
5437
5448
5595
5755
5933
5993
6133
6147
6287
6652
6859
6948
7165
7549
7646
7879
7967
8073
8225
8231
8385
8763
8903
8930
9164
9437
9479
9613
9939
10162
10164
10301
10369
10568
10721
10846
10847
10884
10926
10946
11006
11089
11326
11592
11598
11636
11880
12158
12211
12444
12652
12697
12769
12820
12942
12945
12972
13164
13170
13184
13294
13345
13348
13391
13456
13494
13515
13758
13759
13832
13837
13968
14107
14246
14387
14602
14610
14721
15022
15031
15126
15144
15435
15442
15645
15707
15819
16176
16220
16241
16440
16725
16750
16954
16988
17292
17293
17324
17436
17444
17501
17524
17636
17992
67
169
221
383
611
640
745
756
763
775
953
1004
1116
1229
1307
1699
1829
1947
1989
2046
2047
2147
2265
2273
2302
2437
2491
2556
2695
2831
3142
3253
3265
3697
3754
3794
3807
3841
4061
4135
4222
4247
4262
4304
4601
4699
4836
4861
4926
4948
4950
5004
5114
5238
5390
5395
5792
5863
6015
6050
6069
6073
6277
6725
6804
6875
6911
7009
7043
7205
7664
7698
7923
7957
7961
8121
8200
8258
8300
8306
8586
8665
8830
8975
9072
9185
9235
9364
9406
9573
9624
9642
9653
9702
9723
9815
9836
9950
10078
10226
10253
10304
10322
10330
10336
10564
10573
10644
10741
10899
10947
11086
11107
11158
11233
11347
11559
11697
11717
12173
12207
12529
12551
12592
12662
13124
13151
13183
13202
13339
13379
13406
13430
13462
13505
13511
13530
13693
13695
13723
13747
13840
13847
13872
13877
13885
13978
14206
14322
14661
14882
14886
14948
15244
15450
15500
15681
15700
15820
15880
16100
16114
16177
16331
16448
16525
16691
17030
17083
17097
17159
17496
17615
17686
17716
17717
17723
17742
17839
5
16
191
304
546
555
594
608
706
819
823
834
862
954
1019
1118
1132
1347
1366
1381
1584
1636
1809
1874
1897
2020
2103
2217
2270
2420
2686
2768
2783
2833
2995
3034
3194
3296
3451
3530
3569
3753
3763
3839
3944
4037
4086
4309
4414
4427
4489
4810
4820
4914
5546
5587
5782
5845
6087
6098
6343
6428
6757
6963
7110
7183
7257
7301
7367
7368
7581
8209
8272
8500
8566
8635
9392
9468
9934
10049
10088
10220
10311
10328
10390
10397
10450
10461
10720
10752
10834
10901
11035
11050
11054
11098
11300
11315
11316
11360
11379
11434
11544
11568
11650
11672
11674
11743
12059
12354
12486
12540
12603
12642
12673
12847
12903
12929
13388
13553
13634
13681
13715
13836
13892
14007
14136
14308
14410
14477
14754
14773
14875
14944
15026
15070
15128
15194
15454
15748
15781
15804
15870
16071
16376
16476
16815
17004
17040
17073
17291
17391
17405
17472
17517
17569
17754
17761
27
204
224
300
469
478
1109
1378
1392
1447
1580
1854
1863
2187
2379
2462
2514
2794
2899
2919
3075
3150
3434
3482
3595
3647
3853
3901
3913
3914
4148
4430
4575
4648
4706
4722
4824
4876
4887
4933
5016
5054
5119
5227
5299
5566
5784
5804
6040
6183
6259
6346
6458
6482
6512
6540
6683
6685
6842
6862
7007
7343
7414
7688
7773
7853
7857
8419
8425
8486
8741
8750
8791
8938
8945
9286
9389
9543
9614
9656
9729
9742
9784
9803
9882
9910
9911
10001
10043
10203
10719
10983
11068
11142
11441
11529
11675
12433
12507
12524
13222
13280
13325
13371
13893
13979
13988
14069
14150
14151
14164
14426
14478
14879
14887
14928
15064
15117
15240
15256
15545
15663
15704
15797
16137
16267
16346
16363
16655
17295
17304
17325
17484
17485
17491
17514
17573
17931
18070
99
391
394
559
701
776
873
1173
1181
1255
1295
1545
1697
1867
1914
1988
2092
2318
2325
2403
2506
3006
3007
3369
3422
3495
3618
3655
3799
3887
3930
4212
4392
4705
4757
4811
4816
4853
5027
5184
5280
5424
5465
5521
5568
5636
5683
6031
6224
6337
6354
6598
6612
6735
6749
6906
6944
7001
7483
7595
7650
7705
7718
7752
8077
8267
8305
8319
8483
8648
8953
9042
9093
9231
9321
9330
9357
9376
9411
9457
10098
10139
10176
10206
10221
10289
10321
10355
10494
10519
10615
10777
10793
10826
10857
11114
11174
11175
11542
11594
11724
11846
11887
12000
12050
12096
12126
12217
12279
12305
12313
12319
12372
12464
12810
12832
12851
13042
13112
13181
13208
13214
13451
13603
13605
13617
13814
14248
14464
14709
14718
14926
14950
15067
15113
15148
15254
15427
15494
15534
15746
15785
15856
15953
15967
16108
16122
16215
16243
16421
16497
16500
16925
17148
17215
17605
17805
18085
18103
24
263
308
345
480
498
700
728
890
942
1032
1155
1166
1276
1369
1416
1556
1744
1938
1976
2064
2106
2134
2234
2251
2253
2278
2528
2633
2891
3225
3235
3563
3578
3778
3791
4114
4136
4596
4620
4698
4893
4904
4909
5046
5467
5631
6245
6270
6347
6372
6531
6635
6653
6955
7184
7566
7751
7755
7882
7944
8002
8201
8211
8312
8497
8567
8601
8609
8789
8925
9128
9162
9197
9490
9510
9721
9808
9866
9892
9981
10204
10380
10507
10656
10672
10885
10922
11156
11239
11385
11484
11541
11578
11615
11715
11823
12182
12210
12388
12408
12478
12498
12840
13289
13307
13555
13564
13823
13828
13907
14004
14025
14072
14086
14216
14239
14347
14467
14646
14693
15198
15603
15608
16034
16087
16254
16266
16442
16452
16615
16706
16873
17023
17087
17410
17526
17670
17864
17875
18046
18072
82
370
407
828
869
898
995
1082
1106
1504
1768
2298
2757
3258
3314
3345
3463
3474
3637
3718
3786
3790
3911
4030
4140
4149
4259
4523
4675
4735
4771
5245
5249
5300
5343
5622
5919
5937
6023
6285
6436
6546
6761
6780
6943
6982
7046
7102
7108
7258
7700
7833
7843
7894
7908
7938
8120
8257
8359
8560
8603
8626
8871
9002
9050
9108
9387
9544
9732
9863
9897
9943
10021
10073
10239
10246
10396
10402
10425
10650
10798
10894
11215
11799
11918
11968
12056
12063
12098
12122
12160
12243
12250
12355
12429
12842
12850
12949
12950
13113
13134
13172
13673
13982
14034
14059
14352
14356
14430
14476
14510
14535
14621
14657
14717
14937
15121
15297
15362
15492
15553
15565
15665
15892
15931
15976
16279
16530
16589
16996
17000
17011
17135
17218
17374
17421
17492
17627
17664
203
293
417
632
688
712
714
799
904
1033
1086
1156
1170
1188
1453
1480
1651
1689
1792
1924
3016
3108
3285
3462
3483
3673
3774
3890
4160
4379
4541
4546
4701
4712
4745
4815
5017
5040
5167
5386
5542
5620
5703
5747
5750
5759
5818
5896
6420
6704
7158
7428
7563
7677
7708
7749
7822
7903
8049
8051
8068
8149
8854
8914
8964
9177
9300
9567
9592
9905
9993
10085
10116
10243
10268
10317
10339
10345
10407
10542
10569
10689
10735
10789
10848
10956
11247
11519
11616
11780
12218
12219
12265
12362
12375
12644
12853
12981
13612
13669
13868
13888
14505
14529
14534
14695
15009
15041
15163
15177
15195
15268
15305
15491
15686
15801
15923
16262
16289
16361
16434
16528
16600
16620
16679
16694
16699
16863
17102
17281
17739
36
102
336
347
544
560
576
660
868
900
1049
1111
1236
1398
1445
1464
1572
1725
1737
1799
1932
2062
2291
2512
2517
2603
2987
3410
3554
3640
3873
3934
3986
4372
4429
4937
5012
5073
5520
5606
5953
6257
6526
6927
7075
7109
7118
7126
7434
7506
7666
7709
7800
7824
8094
8561
8659
8836
9379
9505
9947
10046
10069
10293
10297
10427
10547
10671
10723
10724
10799
10918
10936
11000
11002
11043
11103
11242
11458
11489
11623
11818
12161
12780
12884
12899
13085
13213
13399
13493
13716
13887
13970
14003
14060
14130
14185
14217
14290
14576
14591
14640
14749
15327
15328
15432
15436
15473
15586
15680
15846
16423
16532
16742
16745
17332
17425
17432
17456
17707
17970
18063
98
580
627
1012
1522
1623
1819
2054
2068
2132
2641
2856
2914
3054
3182
3196
3450
3509
3648
3874
3927
4385
4717
4844
4986
5087
5126
5342
5501
5607
5646
5767
5790
6127
6402
6724
7443
7474
7533
7548
7608
7693
8085
8128
8301
8368
8607
8653
8756
8766
8828
8870
9133
9262
9301
9316
9381
9456
9641
9771
9780
9957
10291
10352
10559
10562
11225
11354
11425
11863
12139
12465
12655
13173
13310
13631
13799
13822
14075
14079
14233
14279
14396
14520
14590
14648
14719
14739
15130
15882
15891
15970
16160
16327
16740
16858
17113
17201
17367
17375
17386
17420
17503
17544
17556
17731
17797
17961
18001
467
479
603
638
650
768
871
1031
1294
1543
1898
1949
2024
2155
2411
2432
2852
3017
3105
3414
4189
4193
4478
4590
5737
6115
6289
6494
6525
6644
7308
7390
8293
8668
8681
9028
9123
9188
9521
9555
9745
9850
9903
10056
10061
10225
10357
10510
10513
10733
10768
11013
11348
11374
11383
11506
11771
11817
11951
12035
12307
12389
12421
12798
12946
13069
13300
13902
14074
14139
14419
14493
14629
14631
14686
14936
15025
15071
15073
15236
15252
15300
15358
15415
15722
15850
16096
16175
16214
16273
16493
16583
16646
16651
16684
16739
16746
16833
17001
17362
17380
17819
17868
17991
223
384
800
938
1050
1059
1663
1721
1805
1814
1847
1889
2154
2293
2594
2830
2884
3027
3033
3460
3516
3709
3715
3957
3961
4000
4147
4185
4235
4374
4748
4761
5011
5220
5294
5439
5481
5604
5647
5678
5699
6112
6131
6643
6942
7063
7107
7206
7219
7662
7706
8212
8846
9568
9628
9667
9821
9843
9881
9930
9951
10095
10145
10182
10192
10430
10649
10758
10762
11137
11166
11226
11248
11249
11499
11509
11696
12002
12072
12214
12322
12332
12470
12755
12830
13219
13480
13485
13726
14021
14502
14546
14627
14724
15008
15092
15246
15479
15536
15913
15954
15969
16101
16150
16343
16424
16439
16563
16612
16688
17255
17297
17372
17376
17400
18076
18080
418
636
661
726
902
1719
1835
1939
2033
2129
2438
2600
2613
2925
3058
3270
3306
3523
3622
3889
3910
4068
4174
4299
4416
4470
4614
5095
5181
5700
5714
5748
5783
6081
6124
6404
6894
6900
6923
7040
7651
8137
8335
8549
8585
8629
8757
8783
8784
8955
9173
9816
9970
9997
10096
10284
10452
10488
10527
10694
10766
10797
11163
11217
11244
11683
11764
12224
12312
12379
12526
12543
12588
12925
13020
13138
13141
13241
13404
13431
13434
13691
13719
13810
14536
14606
14672
14766
15099
15168
15378
15703
15745
15813
15839
16127
16153
16161
16251
16348
16503
16516
16647
16754
17585
17586
17589
17595
17621
17681
17743
17958
65
88
101
235
274
396
567
1206
1431
1484
1991
2370
2771
3395
3557
3769
3818
3926
4190
4217
4795
5044
5173
5432
5817
6305
6406
6579
6630
6917
6949
7018
7037
7191
7413
7425
7946
8295
8324
8418
8495
8740
9278
9306
9383
9787
10117
10161
10170
10213
10533
10709
10744
10786
10897
10976
11228
11328
11362
11373
12152
12266
12283
12674
12763
12827
12928
12975
13049
13067
13419
14117
14918
15416
15546
15560
15571
15737
15864
16093
16142
16143
16156
16162
16358
16593
16705
17138
17260
17326
17480
17494
17609
554
730
788
857
1002
1987
2235
2448
2877
2993
3055
3185
3475
3497
3616
3645
3666
4797
4923
5154
5564
5645
5770
5771
5923
5941
6039
6234
6345
7052
7272
7317
7478
7692
7801
8084
8166
8767
8796
9127
9314
9489
9858
10023
10094
10195
10265
10606
10688
10749
10817
10823
10855
10920
10997
11052
11063
11069
11397
11404
11517
11830
11847
12271
12339
12366
12432
12467
12480
12546
12811
12969
12986
13031
13206
13292
13369
13408
13965
14182
14242
14425
14435
14633
14699
14753
14908
15012
15235
15497
15853
15948
16129
16167
16355
16396
16417
16526
16624
16723
16865
17205
17231
17243
17361
17430
17613
17650
51
677
922
1010
1110
1324
1409
1595
1608
2210
2765
2851
3139
3539
3759
3981
3994
4018
4083
4405
4703
4892
5057
5153
5362
5444
5492
5605
5691
5843
5869
6320
6393
6541
6542
6740
6952
7023
7068
7526
7600
7712
8067
8396
8541
8688
8957
9644
10009
10076
10104
10148
10183
10331
10538
10961
11072
11120
11445
11574
11664
12315
12418
12500
12525
12596
12633
12904
13011
13063
13306
13674
13725
13964
14163
14256
14274
14331
14351
14455
14517
14530
15575
15708
15728
16221
16230
16237
16582
16618
16784
16908
17058
17219
17280
17394
17576
17607
17974
13
58
84
182
250
261
499
969
1144
1626
1767
1806
1873
1876
1899
2646
2897
3321
3344
3415
3674
3891
3963
3999
4246
4930
5125
5133
5152
5198
5516
5712
6331
6477
6681
7238
7334
7574
7838
7992
8161
8474
8667
9054
9154
9553
10044
10497
10612
10695
10864
10950
11040
11094
11280
11317
11513
11556
11745
11794
11873
11922
12347
12973
13120
13209
13272
13288
13578
13909
14374
14581
14619
15243
15263
15616
15822
15871
15900
15928
15934
16045
16084
16245
16407
17012
17022
17049
17068
17101
17471
17532
17548
346
354
588
695
702
910
1528
1616
1766
2044
2619
3018
3143
3202
3420
3545
3831
3908
3943
3991
4216
4564
4660
4784
4791
4842
5120
5212
5257
5484
5675
6134
6271
6492
6732
6908
6958
7422
7644
7920
8205
8217
8304
8412
8543
8553
8958
9240
9420
9560
9627
10015
10216
10248
10796
10818
10825
11161
11230
11504
11783
12177
12191
12212
12358
12406
12781
12922
13034
13231
13420
13471
13717
14269
14284
14391
14398
14496
14605
14624
14659
14757
14874
15188
15314
15439
16416
16801
16976
17002
17490
17749
18079
34
68
211
313
1148
1219
1430
1433
1521
2769
2904
2957
3170
3587
3593
4213
4504
5413
5510
5739
5969
6377
7019
7250
7583
7638
7658
8377
8717
8786
8931
8936
9353
9801
9807
10052
10224
10237
10252
10260
10382
10628
10814
10991
11014
11132
11232
11258
11322
11355
11430
11765
11935
11959
12057
12325
12426
12454
12474
12998
13619
13709
13750
13838
14116
14202
14209
14310
14332
14382
14402
14424
14707
15181
15471
15496
15566
15589
15843
15855
15901
15981
16148
16184
16222
16300
16640
16710
16850
17279
17296
17392
17396
17407
17508
17614
17735
17986
18052
371
430
927
1149
1178
1428
1442
1642
2121
2391
2524
2720
3122
3413
3615
3917
4016
4128
4202
4238
4532
6450
6592
6597
7173
7610
7792
7839
7983
8062
8275
8544
8636
9033
9215
9380
9681
9690
9734
9764
9848
10310
10342
10583
10632
10951
11031
11111
11387
11792
11804
11851
12506
12547
12732
12852
12926
12932
13052
13264
13417
13429
14288
14609
14946
15103
15501
15530
15723
15749
16802
17253
17507
17528
17804
17960
192
415
572
581
783
1146
1449
1477
1553
1602
1758
2037
2301
2537
2940
3193
3325
3380
3706
3710
3919
3942
4538
4654
4679
5070
5507
5511
5594
6150
6378
6417
6568
7059
7685
7768
8778
8825
8946
9226
10039
10193
10404
10433
10520
10594
10839
10965
11041
11056
11147
11251
11565
11725
11879
12134
12205
12240
12286
12767
12809
13145
13506
13572
13797
13853
14159
14178
14238
14641
14644
14720
15418
15569
15908
16224
16544
16591
16727
16847
16909
17071
17356
17384
17486
64
177
289
309
372
510
755
787
870
1380
1972
3471
4529
4552
5007
5029
5077
5132
5385
6028
6121
6171
7517
7809
8404
8563
8574
9096
9155
9767
10141
10214
10469
10601
10987
11321
11391
11399
11586
11656
11768
12171
12333
12428
12552
12743
12939
13047
13142
13232
13297
13376
13392
13642
13913
13950
14166
14939
15097
15321
15440
15652
16061
16229
16278
16504
16558
17365
17597
39
361
963
1180
2843
4019
4087
5005
5226
5364
5397
5553
5827
6449
6605
6769
6899
7082
7175
7327
7977
7981
8075
8093
8760
9007
9098
9163
9873
9938
9976
10194
10233
10706
10949
10958
11203
11257
11581
11589
11721
12189
12311
12405
13352
13863
13974
14145
14359
14420
14700
14891
15480
16092
16409
16849
17084
17265
17382
17429
17459
17983
17989
420
618
675
913
926
955
1338
1621
1851
2153
2185
2312
2459
2732
3701
3898
3909
4059
4077
4342
4509
4695
4898
4993
5028
5248
5602
5897
5971
6083
6284
6548
6645
6873
7074
7266
7914
8320
8386
8410
8499
8576
8732
9147
9337
9988
10103
10215
10410
10634
10838
10988
11116
11860
12295
13680
13704
13831
13969
13983
14291
14645
14743
15088
15192
15202
15372
15483
15552
16401
16644
17047
17697
74
1315
1323
1489
2115
2630
2763
3129
3141
3639
4223
4528
4555
4936
5165
5256
5425
6934
6941
7076
8985
9223
9902
10010
10083
10209
10236
10257
10298
10528
10589
11105
11416
11698
11782
11790
11814
11931
12113
12120
12273
12589
12653
13071
13283
13337
13358
13984
14040
14152
14230
14271
14276
14688
14916
15228
15444
15946
15964
16298
16398
16419
16474
16510
16855
17090
17284
17383
17428
18003
607
786
815
1360
1603
1755
1930
2159
2452
2795
2950
2953
2982
3010
3514
3620
4004
4028
5098
5312
5537
5544
5575
5786
6506
6522
6702
6777
6945
7727
8508
8613
9694
9701
9759
9929
10040
10058
10121
10188
10269
10518
10529
10708
10904
11087
11254
11741
12137
12146
12163
12165
12254
13128
13185
14132
14201
14265
14315
14343
14524
14655
15154
15283
15375
15583
15733
16036
16190
16606
16816
17942
17984
18049
18065
318
392
482
1040
1196
1612
2043
2096
2284
3032
3053
3464
3735
4104
4530
4949
5416
5466
5634
7949
8599
9516
9765
9867
9894
10175
10319
10323
10521
10617
10829
11262
11625
11803
11866
11877
12051
12256
13038
13482
14142
14156
14286
14498
14506
14745
14755
14930
15047
15370
15620
15907
15918
16041
16141
16406
16484
16687
16842
17151
17157
17212
17379
17450
17454
17512
620
949
1103
1235
1565
1790
2149
2458
2544
3019
3571
3770
3772
3781
4368
4536
4790
4809
4895
4940
5063
5112
5147
5247
5387
5410
5851
6170
6547
7249
7653
7764
7837
7867
8227
8315
8341
9152
9203
9515
9748
9925
9958
10210
10563
10587
10707
11557
11651
11691
11778
12115
12471
12558
13180
13689
13903
13910
13973
14350
14742
14889
15437
15775
15806
15916
16147
16234
16290
16301
16594
16722
17457
17612
17750
17950
255
381
450
481
547
637
774
797
1282
1998
2085
2099
2297
2905
4230
4697
4726
4778
5282
5334
5772
6454
6860
7561
7596
7598
7642
7691
8494
8733
8782
9263
9682
10042
10459
10771
11536
11848
11868
11874
12097
12233
12496
12504
12639
12658
12760
13401
13504
14572
14620
14933
15108
15153
15346
15557
15720
16047
16259
16491
16543
16817
17239
17277
17462
17469
17943
784
1266
1310
1327
1355
1568
1690
1966
2477
3800
4911
4976
5151
5203
6304
6628
7120
8805
8827
9730
9800
9860
9954
9982
10114
10147
10312
10363
10565
10812
11027
11241
11750
13062
13271
14037
14660
14761
15101
15189
15727
16250
16294
17039
17534
17700
17821
43
517
1230
1334
1483
1610
1888
2220
2602
2951
3264
3340
4611
4725
5318
5835
5955
6007
6241
6566
7125
8226
8989
9058
9102
9483
9504
9539
10315
10419
10767
10835
10893
10966
10992
11263
11555
11567
12052
12441
12532
12650
12742
13220
13267
13282
13428
13468
14255
15161
15487
15505
15649
15655
15659
15792
15951
16066
16223
16287
16389
16657
16814
16870
17282
17481
17639
17851
18053
288
377
1000
1192
1452
1555
2065
2561
2614
2634
3443
3798
4038
4508
5402
6451
6471
6624
6954
7058
7564
8449
8539
9061
9269
9354
9961
10980
11216
11428
11630
11692
11896
12326
13156
13279
14129
14553
14558
15367
15851
15949
16170
16534
16602
16798
16807
17244
18009
18055
128
432
468
497
1126
2167
2299
3036
3504
3676
3971
3982
5137
5518
5757
6107
6621
7916
8568
8578
8974
9012
9153
9167
9725
9933
10032
10036
10685
10787
11264
11514
12419
12521
12871
13549
14480
14499
15134
15376
15710
15861
15955
16509
16857
16864
16989
17032
17449
17592
458
1091
1594
1693
2222
3730
3811
4411
4721
5039
5094
5336
5374
5375
5531
6010
6153
7066
7176
7541
7570
7672
7886
9017
9073
9145
9161
9534
9720
9722
9869
10062
10177
10982
10996
11016
11032
11295
11308
11689
11870
12037
12140
12836
13230
13233
13235
13273
13459
13602
13742
14073
14278
14345
14508
15068
15359
16599
16799
16848
17618
826
1379
3515
3707
3900
3903
4172
4802
4832
5019
5456
5917
6464
6858
7364
7538
7827
8781
8962
9109
9257
9908
10084
10211
10701
11213
11575
11617
11749
12502
13435
14026
14048
14109
14245
14313
14462
15080
15260
15348
15558
15650
15811
16391
16444
16449
16656
16806
16879
17203
17321
17575
17747
17978
655
945
1056
1344
2597
2607
2972
3068
3072
3558
3716
3969
4012
4224
4829
5346
5920
5932
6632
7174
7911
8978
9016
9187
9810
10022
10473
11271
12055
12114
13470
14143
15147
15448
15768
16019
16201
16340
16507
17099
17533
17741
241
1436
1877
2737
3336
3546
3668
5396
5899
6561
6890
7361
9499
9753
9927
10150
10205
10544
10679
11171
11637
11898
12213
12248
12359
12666
12739
12964
14232
14772
15201
16088
16144
16557
16828
17051
17431
17515
18082
716
1076
1564
2356
3566
4330
4332
4533
5431
5811
6535
7038
8170
10091
10165
10498
10506
10677
10717
10775
10876
10912
11010
11049
11183
11260
11845
11944
12099
12104
12302
12848
12923
13464
13479
13487
13633
14259
14272
14656
15107
15322
16517
17053
17076
17601
45
574
722
1208
1845
1915
2177
2329
3056
3246
3445
3547
4225
4334
4349
4517
5356
7192
7479
7613
8378
8730
9497
9781
9969
10050
10079
10636
11246
11289
11781
12053
12357
12564
12568
14320
14919
15171
15241
15472
16276
16884
16985
253
496
877
1011
1072
1622
1657
1762
3342
5787
8252
9697
10041
10135
10190
10482
10505
10668
11859
12501
12935
13296
13766
13851
14110
15771
16560
16969
16993
17029
17264
17448
525
1606
2055
2636
5136
5458
6319
6700
7124
7845
7889
7972
8343
8579
8886
9503
9990
10235
10499
10718
10942
11157
11209
11584
12545
13065
13081
13139
13182
13302
13644
14057
14485
14938
15347
16288
17518
111
1015
1081
1931
2021
2271
2484
2624
3200
3815
4078
4199
5332
6928
7083
8715
8915
9237
9707
10541
10732
11178
11798
11895
11930
12065
12223
12672
13200
13606
13761
14522
15431
16185
16592
17042
17283
17353
17802
449
553
1165
1698
1798
2081
2847
5345
6368
7707
7736
9113
10276
10780
10807
10927
11579
12130
12241
12330
13057
13110
13137
14226
14348
14388
15369
15729
15912
15924
16492
16697
16832
16995
17412
17971
9
97
500
1226
1304
1332
4075
6125
6562
7471
8242
9687
9708
9840
10077
10561
10581
11418
11762
11953
11986
12403
13217
13347
13596
14292
14560
15150
16152
16923
17285
17467
17977
2305
2674
3698
3729
8000
9060
9309
9673
10703
11003
11882
12880
13298
13919
14394
15982
16064
16614
17048
573
1999
5208
5333
6240
6793
8826
9298
9835
10169
10277
10620
10819
11015
11587
12350
15526
15899
15962
16648
17077
17354
17665
17998
4
285
376
380
980
983
2872
3117
3812
3983
4194
5529
6418
7096
7835
10202
10514
10560
10792
10972
11061
11314
11819
12105
12664
12819
13393
13819
13846
14204
14538
14592
14617
96
982
3151
3984
4102
4724
5769
8478
9718
10055
10160
10734
10984
11045
11755
12227
12268
13211
13714
14466
15310
15610
15824
16068
16650
17823
206
287
386
1422
2122
2975
3254
5109
5272
6712
7271
9870
10038
10424
11004
11523
11543
11621
12111
12202
12274
13396
14334
14725
15010
15660
15676
15759
16145
16450
16940
310
827
2428
4535
5409
7376
8970
9572
9672
9899
9926
9953
10047
10676
10740
10778
10833
11066
11195
11238
11435
11530
12084
13305
16098
16218
16619
16702
16714
17247
18059
378
993
2780
3915
5050
5135
7852
8920
10053
10060
10234
10889
11288
11508
11885
12255
12825
12924
13694
15175
15183
15629
15751
15765
15796
16541
550
729
1275
4569
5464
9946
10526
12606
13125
15992
17695
549
1014
1881
1936
6394
7848
9893
11099
11552
12645
15018
16796
16880
749
1542
1787
3477
3591
5688
8004
8253
8401
8720
8803
9772
9833
10089
10449
10738
11287
11634
14195
14616
15069
15478
15664
15904
16063
16075
16549
16874
17360
38
126
3291
3531
3764
8771
10680
10699
11267
11571
11906
12045
13263
14282
15082
15945
16151
16836
16861
17815
95
1970
3654
5590
6160
7834
8949
9602
9775
9852
10167
10444
10813
11250
11325
12420
13574
13901
14400
14892
15381
16875
181
915
1364
2034
2242
2988
3476
4092
5788
6539
7153
8451
8461
9218
10197
12107
14104
14768
16138
16394
17603
17706
1358
2201
3011
3384
3946
5219
8999
9959
10364
11077
11293
14509
14555
15426
15486
15922
16681
16685
17402
1964
3346
3675
4527
5581
9299
10512
10811
10995
11206
11813
12342
12779
12838
13274
14253
15972
16483
17949
893
1083
1892
3985
4116
5009
5641
8780
10412
10715
10850
12360
12637
13146
14273
15176
16169
16603
17401
75
175
6029
6116
10067
10071
10187
11269
11298
13746
13895
14475
15203
15468
935
4336
4571
5658
8423
8716
9736
9878
10037
10123
10714
14748
16081
17521
17644
17693
17799
17824
212
1119
4176
4827
6697
10303
10493
10782
12143
12523
13525
14448
14901
15670
16174
16495
17655
4210
5139
5241
6348
8487
11207
11211
13060
15829
16086
16654
16821
16834
17818
715
901
1500
4941
5053
5660
6046
6278
8808
9877
10090
10173
11511
12044
13199
13270
13977
16986
17738
3751
4328
5803
6699
9794
9842
10066
10070
10919
11060
11192
12363
12927
14105
14208
14507
16349
16596
16825
17759
17813
17982
1135
2467
6706
11205
11563
12073
12284
12544
13304
14052
14685
16299
17385
17712
398
1891
3248
8296
9015
10659
11926
12308
13126
472
9731
9994
12129
12334
14188
14488
16478
17581
405
9986
14155
14412
14670
15701
16272
16295
16608
18061
85
5358
10508
10665
13402
15374
16053
16073
16415
7917
8794
10249
10415
11547
12078
13177
14039
14495
470
1909
5207
9323
10307
11301
14249
14381
15354
16422
17059
1345
10189
10858
11082
11836
13033
13354
13701
14258
15193
15324
16052
16231
16605
17483
18078
818
4173
9248
11261
13072
13426
15125
16226
2263
5251
10154
10489
10540
11252
12374
13266
15146
15206
15361
16818
1074
1816
3132
3700
10451
10619
12479
12833
13148
16830
17793
4119
5601
9875
12527
14082
168
4647
6519
10138
10517
11775
14663
15316
10093
10362
103
2026
5653
9217
11078
11234
13312
15983
16216
17798
759
1570
4835
9174
10704
11786
14562
1104
1354
3816
7077
10033
10684
10702
12118
13074
16042
17646
798
9611
9942
254
11047
11733
13679
14906
669
1128
4101
12136
13268
17236
7543
7851
12882
13395
17044
18008
234
10585
10711
14337
14453
16040
16078
4645
9047
10264
14905
16877
7
473
920
3967
5577
8052
9071
10302
10693
15977
2195
9146
10698
14550
15363
17286
4095
4676
8492
9351
14211
10681
12373
13152
14180
17817
5210
8727
10933
876
2961
5565
16094
16257
83
7259
10163
10377
10432
12376
13155
14457
14945
9084
9352
11857
14632
14771
15380
4988
5023
9837
17527
17732
1024
5468
9696
16091
16999
12340
9977
11693
13945
6473
9391
10166
11505
213
1099
2530
9955
17301
1333
8493
9242
14674
16869
5576
10288
13117
13240
3502
15433
16038
1225
2231
3247
5638
10692
10931
10496
17794
6421
10722
16810
16282
16859
1013
15344
5310
10113
7874
14183
1370
4103
9148
10064
16804
10151
10675
14903
11265
16585
15338
15902
16291
5494
14554
13130
10532
13751
1627
16588
13121
6929
17803
13262
15965
10152
2027
7745
16296
3197
0
15311
10670
17656
3631
911
11695
10118
1025
899
3802
6453
2529
10108
2194
4441
