14831
4862
4707
8415
812
445
4311
5617
4612
17136
8171
6971
13737
2397
7243
4498
484
2834
1711
4812
2089
13445
13166
859
3179
4632
505
841
820
7154
6423
7964
9074
1184
17551
3114
1231
17786
16885
5277
6883
5807
7468
6810
9219
1006
3855
15529
4511
4442
18050
13019
305
4737
8146
13475
5764
17570
2049
17109
13414
18093
5814
4918
1141
16561
6903
4524
8044
17150
9629
16306
15516
7868
17112
3677
17288
2407
6854
186
3836
9859
11294
15573
7634
16890
6649
12539
8501
7216
3987
13122
5925
15933
4573
8971
16978
1658
15190
18031
643
1113
16454
11121
7454
14985
17711
7200
13721
9194
16896
14027
14364
16775
1628
1361
5157
14036
12520
13149
4122
13385
4901
2606
2580
199
14548
16246
9914
12157
5548
16480
1425
2113
14615
4353
5893
13422
14790
4958
17838
9258
9834
4749
17437
12806
8632
3134
4668
16568
15694
7161
1020
14873
2259
2504
12487
6461
1258
12940
2422
15213
5314
8950
9915
14220
3939
7188
15391
7340
15744
9021
17439
2536
1160
5654
4276
12047
1100
8064
6445
16200
14651
15984
11923
3156
12846
16118
12930
4636
3013
2605
15291
2689
13101
349
7060
13620
9180
7669
6273
14666
751
2658
13027
7522
8662
13657
15221
577
12824
1630
3541
3748
17114
984
5092
1271
17164
17547
4549
69
2353
15832
816
1026
215
9564
3624
972
14366
15430
14297
11539
15738
14302
3876
6194
6821
436
2205
16303
5665
17774
15734
8959
5033
6870
10641
12409
446
3669
4080
13275
12594
10109
4889
8898
290
672
15688
566
14986
14834
15633
2967
17026
4097
1727
5489
772
1339
6118
16213
1177
3061
8591
12077
16893
11742
15151
2280
8649
17816
7280
3375
14468
17093
8367
16579
10115
1372
15641
1598
14547
14767
7571
13830
8405
9400
4335
7534
9583
13251
3704
4063
6529
6385
2135
462
4278
2713
17557
12495
14841
3280
18015
12018
4729
6051
12693
1041
4395
4352
2911
13898
1159
17270
11948
6447
989
1860
12921
9038
6552
9066
5825
17561
17348
16898
4728
17941
5453
1573
1087
10963
6300
1599
3783
17305
16005
14681
15409
16206
14084
4692
3614
17191
4920
538
207
16312
104
4871
15692
9683
10092
4220
5148
13648
4996
16966
4356
12787
15279
15131
17830
6085
17834
13278
8254
4382
12625
2595
4255
3649
7281
292
3679
9593
7430
14974
7587
14128
10011
14295
13652
14439
14446
12961
10888
4823
4106
2774
17427
3231
15783
13640
1822
16623
16205
2591
129
17167
4277
16763
12976
17103
4800
3765
2734
11736
2810
7830
12914
1596
16172
6478
3703
14414
9009
5451
15383
14820
2864
9494
2820
9290
14635
17493
8065
15412
12789
9913
7314
8921
4607
7114
12013
15045
17962
1142
1968
1802
1842
4587
17788
2590
1574
5230
13238
4957
2909
3427
8328
2429
4515
14705
15364
9535
14800
6773
10244
4913
9275
15038
16811
10399
5150
4157
6823
17904
13650
4326
8281
5072
18040
15862
12298
17831
14676
8348
13720
5001
17275
15794
11881
779
10158
1694
5348
17458
998
16734
9797
16232
16576
16377
1401
4576
12127
5340
14587
2727
2854
2196
4272
6283
8651
12579
8357
10756
4141
1813
5304
8429
10074
14935
13216
6236
5696
13303
3712
14856
4302
464
17441
1249
11648
14780
1341
1885
17895
18095
7819
3078
7811
14088
2790
2729
17033
2892
7399
11521
15484
5504
12611
5560
17078
5031
16202
7053
4377
13165
790
12854
2022
2853
14596
17055
17197
7372
3632
8220
8895
17363
18084
5262
16663
14346
1549
10849
10479
10065
11395
3043
5585
11167
15301
14614
16007
11826
4954
17373
17545
3695
14782
9350
10137
15788
14949
3732
15695
8712
10102
130
11502
3178
11057
5558
12907
16639
7432
16102
5214
13981
3238
13729
13912
7180
6847
9518
2369
931
6301
9119
15940
15420
15326
12009
16900
7261
10219
13449
5366
13643
178
3988
8054
10977
2760
7448
1895
12361
4009
4493
17899
11474
12175
17801
9302
14162
15389
17845
11486
9831
16851
14669
5142
3795
17775
17015
6084
5265
4325
5195
14696
5429
17537
9432
4338
4499
13447
4182
17502
14966
14456
17273
3467
996
11011
6185
2233
2150
4343
8878
14840
14778
9746
9685
14158
11758
2570
15691
5901
14808
9466
17837
15214
15563
9940
17477
16323
16570
16390
16984
3349
9530
6830
1561
13534
15011
5572
14638
12618
16225
13570
14665
7895
1674
5957
1115
735
8388
13532
12008
1539
1502
13382
2762
6061
814
8101
9763
1781
3233
13015
12518
4927
6848
666
4281
1123
957
907
2800
15315
6742
15872
13899
13653
6020
13116
2589
3705
17315
13143
16115
13702
6640
1901
6686
12857
3300
2915
8526
830
16975
14976
15837
5074
4280
2753
4968
17923
3823
16210
15921
14484
16020
6090
13588
8726
1702
880
2311
9537
14853
16926
12646
4640
12772
7997
2180
1124
1419
40
14574
4322
174
10124
387
12951
1068
569
4283
5259
16025
4310
2102
6616
17936
3379
17466
11357
3232
6755
12040
17840
11886
10208
16436
16212
7245
14438
1066
13727
3135
17940
13960
6196
13387
4337
2893
8592
2527
3220
3978
8138
13508
13569
14794
527
11480
6545
6254
16800
1617
4079
2247
4512
2511
12017
3446
14542
6386
6317
11659
1960
3302
12483
5522
12888
12489
17251
3063
1007
9168
3407
6571
4762
55
17842
4123
11641
3409
5183
11304
13733
12790
13707
6329
15495
16317
7741
17105
14823
15401
7378
6708
2576
6976
14876
17237
6812
9089
11067
16980
4643
3481
10842
1748
4506
13663
2874
5980
5963
14639
5129
1926
3226
16458
6975
15617
6914
1804
15209
13249
10600
7128
14612
11351
4684
12714
12320
3003
13925
2110
8755
8150
3678
11709
3869
6993
18033
8897
13801
17126
18014
15884
1022
7185
5116
16134
18100
15233
12866
2434
10696
15576
188
2567
2860
8070
7198
9110
17765
9244
17268
17669
6563
8621
480
14826
7079
14828
9232
11181
1713
5048
10337
6242
13949
10896
6972
13160
18020
8477
6753
13258
14810
17435
16196
12872
16460
3374
12911
5570
8091
14697
9978
7875
4774
14971
8213
2946
14830
8674
7872
770
6550
11029
8123
17549
11204
1455
14487
633
17303
13269
13265
7304
10356
18102
3921
10863
1619
16957
7758
16111
3491
14786
17196
5035
6444
2523
14805
13017
7936
11738
8280
17764
4474
14852
10120
14682
8447
2007
6829
3005
12341
6515
10921
15524
9293
8431
14816
2621
6361
17330
4905
6281
13014
16935
8265
3223
600
16258
7004
2791
6149
12027
13350
16590
15753
6207
4516
2588
5727
10555
15736
4274
13610
6045
16597
13162
15513
330
2052
16636
7536
2040
9871
2440
13552
11585
485
15251
11998
11392
8081
8452
16001
1807
16707
6765
3304
6936
15504
2824
4333
2799
12159
13992
12257
8310
10045
4159
13579
9475
9208
138
11919
15679
6414
16069
6916
1525
1591
9372
5382
5574
13377
17604
1451
13665
13963
6687
11988
12124
3399
4583
3722
9846
8356
7088
9022
3082
719
7097
15470
15337
338
4952
6299
15849
2505
16314
15395
11995
5579
11669
11983
16456
16293
17364
11949
11767
15075
2792
17721
9342
7419
4550
5104
6521
15500
5968
6558
8364
1438
11591
11237
268
7002
2534
277
1905
13196
7514
12108
3953
7365
12962
4971
15927
9075
6760
13626
13790
10320
9445
12329
2385
7256
17468
4682
7790
10490
14134
8489
15223
9601
17701
8807
3103
6009
11001
14825
8346
4269
9261
7163
2954
12641
866
8197
16946
4588
127
2968
16494
7883
11448
2289
12875
10760
16902
8616
4580
13254
8582
4221
6198
16275
6330
3864
1858
12741
3527
13000
5243
13935
3048
16537
15387
9482
14312
1548
9272
1981
106
15308
13380
5231
12180
13768
10081
2176
13559
11426
16797
11714
2519
14244
8104
6919
3049
3203
16146
18096
1634
13247
4058
10742
1298
17939
13096
373
9433
13783
10683
18057
9520
7455
6137
4011
6274
6422
8152
17146
4089
14307
14368
3278
2647
6324
3355
6543
5765
670
3046
17902
3856
10057
10223
3329
6101
14731
934
5914
6438
5242
14965
6711
9106
6785
17541
5724
8906
17129
4839
11856
5367
350
16550
3086
5015
6358
9452
9378
8181
8623
5642
7576
8994
13465
13755
11787
5550
6781
15272
5938
10144
10016
10
18051
9151
6511
12468
6863
7490
4245
14777
4846
16414
3104
3276
15335
6641
8071
17921
13577
13093
7294
12816
4521
400
256
7081
17349
16056
9524
9115
15095
5927
11572
17343
16720
17276
8864
16660
2557
14584
17606
11816
11497
14623
6517
15166
1383
3411
14760
928
4170
2091
15428
3169
13667
3597
8934
14198
17889
14566
13189
711
2725
16006
12788
13316
4977
3935
4037
2398
6626
14012
1777
13635
9563
15419
359
18032
12751
13927
11299
16565
16904
6609
17065
8634
13688
16668
15607
13193
8147
7810
4872
4126
17443
11191
6397
158
16514
6674
12894
11491
12893
5380
6602
18027
12281
4747
6783
17642
3307
13777
11470
5421
2930
1868
13660
7812
8189
13187
5194
2855
2964
7337
14868
2125
13953
12799
17092
2324
15230
1629
14451
2575
17572
2347
10746
10804
7407
1869
180
14959
8875
10411
1462
6966
8575
5327
9467
16337
15542
17554
4055
5140
15000
15755
724
15876
1778
2460
13938
8443
12116
5355
17566
12869
5412
17220
1495
1686
8358
8747
8833
140
2936
6988
9348
14489
7408
9979
17593
10261
12141
2405
9806
4579
14864
1111
15135
9254
17946
13090
5958
624
2486
4989
16634
5013
6002
13557
7628
15371
3599
190
13163
17179
11305
4340
5266
2310
13955
5350
16157
8182
17009
6427
2531
13528
13785
697
14829
17387
9648
1729
12245
15887
3496
4179
10608
1941
10019
1299
13789
6791
3559
9719
1951
4171
15772
8822
8007
3074
7831
16616
12492
10794
3478
7615
947
2974
8642
8249
10902
5834
15182
3714
2032
9373
11602
1139
4138
8276
6897
5609
6161
642
2755
1261
14827
9362
14804
17035
4381
12155
8222
15828
8207
5471
14511
10883
1297
1738
1267
1417
6983
17381
14594
6193
11590
7499
9684
14019
8247
10993
18025
5879
2006
1646
16199
5562
13511
5809
8228
8262
3084
6018
16621
765
8991
125
13441
5808
767
10146
18034
6499
7103
6140
1036
2260
14859
12873
5752
10143
4049
10989
17358
14565
15002
11332
5475
15035
16051
1779
15584
2111
8149
9303
5302
16736
5042
5047
1886
3880
13675
6032
12667
12912
8444
17611
13703
4065
8372
8947
6162
13841
8951
12064
17193
5440
10879
18073
7797
4885
17938
15204
15062
6412
1350
13286
9811
1825
16572
11967
4526
8371
3388
17163
15944
5608
5854
16342
18074
18075
16779
3693
15810
2288
1439
13188
2857
602
13381
14354
273
3091
5789
9552
10868
6253
8221
9011
2518
11553
15023
704
1291
9081
18042
12530
16962
16751
15805
6322
16470
12620
9289
5420
12612
7303
7710
4393
3207
10852
57
13244
6217
17185
6509
3689
13770
10631
4219
14385
2535
5339
16322
9264
7324
10285
17668
18036
9912
10673
1279
16076
4233
8960
1585
2611
14898
1733
10502
9447
2008
11809
1166
10705
10859
6396
6325
5179
17403
14727
6197
16762
7720
13246
16292
892
8862
6745
1421
13201
11433
12093
17652
15778
18097
13941
824
10892
16924
6139
11420
15591
11779
6129
5674
5297
1566
17306
13873
16637
848
3218
3230
8048
6238
4239
14041
1273
15636
3534
4158
8129
11858
1481
11256
16712
13044
15507
14197
5441
16217
6953
1993
302
10564
14722
10954
15334
8473
3433
135
6688
11038
1373
9778
6786
17274
2137
4902
9630
4169
2206
11632
12597
4719
1880
8246
1486
13094
16013
16350
9385
13940
6369
11388
16761
9508
2622
11337
6885
11186
11916
12910
12724
9040
6743
909
15313
16941
17667
12740
16716
7602
7545
1894
10400
4965
14991
7162
7641
3498
1290
1531
2944
9713
12717
8517
9654
8236
9952
9103
7296
4452
4424
8941
17134
12450
15523
10913
6409
13769
14858
13384
13864
2775
7579
16983
3576
8201
16016
3998
4625
1624
6564
12595
9265
17322
9083
14556
6469
9459
832
15568
14871
6120
1136
9193
13735
7268
3073
15731
16580
11421
2912
454
2876
2030
5524
7754
8933
12387
12610
16587
7092
9716
6730
2598
8569
7420
3148
1260
15485
17398
4371
2333
2682
2842
13929
6651
6021
3931
10757
14194
9182
10181
867
11864
7117
15210
12602
7569
8470
71
2782
4040
11929
15841
2863
8139
17182
15959
16805
8829
8145
13103
5323
1067
3192
3684
7138
7527
17859
6366
7518
4397
1769
8748
6991
10962
14513
5263
17758
16774
12613
2572
35
9374
9274
1590
10878
13811
2663
15112
8703
3077
15833
5965
3163
7681
508
4084
2749
7095
9565
4525
12003
5018
4685
2836
13434
5512
5160
1278
17007
5967
843
5643
16930
540
1363
17141
13874
8088
7617
3895
14842
93
13327
6555
4983
709
16121
16678
11982
7433
13948
8518
10378
1615
6998
8422
7814
3436
5097
8535
2498
10274
1043
15630
15952
389
16625
13028
13741
7403
2362
10522
7329
13947
10642
5766
3577
4024
15028
4858
8912
11400
967
8005
236
11324
6321
2865
1337
2690
12949
3612
17829
7476
4881
16508
2825
654
8349
2655
8279
8700
17061
4205
15312
8893
7953
2880
4764
1302
7832
7636
13551
7442
13412
1389
3744
9072
14792
4799
14863
16607
2626
16435
14277
6128
4910
13535
15104
4491
17600
13509
9491
17994
8615
14275
457
5122
12813
16310
12026
4427
13467
10658
14024
14601
2083
15019
6157
17145
6064
16107
8713
12082
7786
14955
18092
16566
507
14690
13040
4434
6204
17954
16179
11487
421
4327
6893
1037
12883
17634
3956
7502
5436
2532
11897
17696
4032
3902
14654
10297
8214
13921
4932
2136
3877
8939
2352
10082
6108
8039
11196
19
3505
2338
3785
15406
8594
1956
12834
2105
5324
6994
14860
4849
8930
8819
2764
1953
9052
7080
5939
15725
16895
319
1092
12773
15779
16768
5720
6784
8721
11855
16749
7697
4680
4496
8641
15051
12390
6992
15903
5260
14490
15726
14861
16366
184
13115
8269
925
4047
15996
8023
14121
649
17873
3488
12032
10004
13812
4539
4903
13018
13655
1403
14689
8558
9551
3378
10663
13763
8302
6311
15074
3357
16003
15247
3479
2219
11467
18056
2881
15527
1152
13575
17591
4641
8230
4329
13360
14563
1902
16916
14679
8163
14781
14009
14883
10351
15005
7567
7988
1614
16376
7210
11908
4488
5655
41
9650
16332
9932
11140
13855
2932
11079
2216
556
13998
8482
7795
18028
7656
3775
15317
15196
8471
2341
5942
10907
2929
3210
2348
8995
14643
2888
5043
7197
6884
9214
3651
14589
5795
11626
3552
17654
13754
9027
11319
3165
8801
10437
14306
2161
4091
7870
8894
6669
7263
16002
335
16630
11987
2712
15386
12676
1209
7418
6475
6205
17529
7877
6437
16684
1776
4882
13158
14770
6583
4195
2991
653
2677
7093
11464
10385
8650
16513
10200
15424
10908
10765
16968
707
3543
7742
7288
15142
6551
1983
15245
8033
9415
10006
17070
2104
15227
15119
10690
17663
14996
2720
985
5141
7354
17064
18098
1456
13131
2225
9336
7445
13732
5773
15635
7717
17826
348
17884
15936
8900
2612
6130
14848
3535
14515
4698
134
9786
6960
10574
13366
12728
11036
11096
14598
9043
3671
2920
539
8658
11334
13821
6079
8162
32
9184
16628
8333
1655
12396
6314
13630
15690
8369
1692
7732
4316
7373
7492
14032
13489
5349
7991
10869
9541
11270
17550
14165
3326
13772
14436
12755
14325
5782
14788
17672
16770
1407
7876
16019
12766
4287
10844
16054
5066
7320
1717
12276
3680
6432
883
17692
11914
6650
5667
17173
15014
7620
8406
11438
7659
12516
5567
13167
12015
5991
2190
514
8816
4756
14774
2922
8714
11478
10278
6163
3109
8291
15519
11080
1102
14416
13870
5981
14147
3459
1712
17298
16888
5283
2367
3966
4248
9985
5815
17438
5459
13229
8725
3657
6399
7826
2228
15914
18104
11954
422
6524
5549
4134
13690
13961
5415
12314
16839
4522
2189
16756
14862
4161
13852
14529
4519
8132
16194
17523
8902
10516
2481
16793
523
13601
14361
7652
3681
4644
7778
16467
8112
17446
7181
3923
6109
17844
3564
1027
5058
2294
10416
10610
6946
11678
2317
6265
8063
17809
9077
15628
3290
7748
7289
8880
6874
17896
14969
2653
1967
8433
3429
16233
14043
2499
6957
9856
17414
13988
466
583
17658
10376
5191
4843
5408
8520
14812
14652
605
6658
1732
16917
16173
1640
3750
5619
6719
15333
8125
12795
1281
1576
8399
1280
9462
3266
6572
12316
7020
3638
8099
8244
3184
1747
16465
15782
6006
13362
16446
3191
7942
92
16027
11980
5877
6891
1540
4250
15935
15640
6911
5944
12384
16031
6997
8136
11605
1984
6556
13486
3871
15666
2313
15721
15034
7979
7550
13571
10856
12815
14283
2745
12033
1821
11253
3688
2939
1644
8255
6501
1979
3358
2090
5190
13810
17433
14512
15122
11005
3398
2551
3348
4048
11973
7033
16691
2320
4485
14106
6528
623
8462
3570
2387
8375
2406
5485
11469
3195
5876
7021
1718
89
11123
10975
14814
2224
16136
16958
3085
8798
14333
2548
7725
5341
14961
1413
4266
9609
1505
14658
15498
17008
4242
6106
4494
14050
10891
14303
14454
10524
17470
4751
14849
1237
3094
3659
11940
3955
1668
16687
17140
7338
616
4629
1460
6171
8190
13585
16765
5156
6159
4045
2873
2307
10974
752
8631
3113
15605
4156
12783
351
2508
16116
7026
14910
4129
9471
1922
4998
4403
12856
15463
17162
3806
15599
644
3573
4481
11235
6756
9686
2001
7331
9448
5964
8158
14907
7377
13867
16386
6251
9097
13190
13245
12559
13045
6406
14261
14314
11432
15966
1703
10095
2269
282
15793
14540
17012
7557
16795
14968
14963
6468
11098
4008
9968
3720
16677
6939
9974
12244
11821
4892
1569
11184
8693
7159
5311
11752
5751
5398
13099
16026
1434
9334
16463
8286
2212
15740
3173
7626
9957
7199
16304
3088
9903
16070
7753
16163
15696
6608
14702
171
16743
4615
1757
14338
15256
3941
11730
9591
10943
1247
4830
5508
7417
3964
14253
10107
2198
5713
15456
4514
13132
14379
11950
3455
14625
860
13335
4736
1201
8856
1233
7231
6685
15405
15998
15821
2427
8011
62
17271
17748
12900
11694
12615
5434
17395
16008
15434
10657
8707
16981
11842
14975
7151
340
5373
16963
56
8090
13320
4673
3216
7808
4709
6933
12071
12509
9423
13290
12098
15570
6502
4779
11187
5593
6310
15585
17256
15911
9799
7586
17980
14459
14370
2101
2112
5532
4633
17756
17409
7466
14817
7962
16430
476
11451
1307
9569
11389
7798
15121
15764
11811
3341
1879
17911
1501
15647
2736
6359
6677
11091
4542
5457
8160
1670
6103
5961
14492
7104
4295
13883
12619
8491
17754
11455
9107
10000
1493
17488
10201
6481
3861
3991
2331
11242
6100
11408
12720
17866
5895
13226
4458
785
17122
5730
6634
3757
18048
3309
1472
218
2688
6247
14692
4400
9337
12909
12868
13476
4349
16123
2728
17812
7683
5383
14113
1808
2811
9067
10485
8029
2386
11985
15639
4738
16384
6403
12651
4708
8480
1322
1919
18006
3015
8809
17879
13340
14358
15817
16080
17426
17016
16000
1907
14756
17643
8217
2657
8153
18018
13309
4380
15551
14482
6619
7302
16506
1839
2999
6282
10334
12710
7734
13023
10553
260
5185
15859
15059
17510
5224
1089
13920
17165
3237
6536
17755
7493
374
17820
17421
986
4184
9201
8547
16242
10222
7036
8393
7505
4033
7395
15377
2752
8009
10308
183
9967
16197
7230
3069
7167
1352
3605
11229
7346
5625
10662
15423
11801
11088
9318
12079
6280
10827
12221
9183
7542
8191
13915
9546
6455
7255
17302
4391
3997
2078
576
325
1990
11604
4884
14127
14987
2680
15592
3448
11309
16690
14231
269
8502
513
4115
13778
997
7813
5213
17875
13782
17127
7101
987
9984
13894
13651
8848
7062
8085
4110
4785
3363
5611
17100
5378
14951
16563
3746
17832
16150
5731
5982
3060
746
13277
4938
17001
8092
5232
5812
13881
9604
4924
5252
3854
12898
9130
14469
15017
1529
8427
16039
5922
6275
6980
2731
2539
1745
9135
16375
6448
12879
281
17734
3635
10247
11975
8300
15762
657
12822
2716
10331
9663
1906
12537
10567
7456
365
16182
14016
8811
5905
1995
7458
14819
14998
1515
5100
8008
7896
3691
15280
3619
7846
8734
11037
14653
6840
11277
6232
11409
795
3937
15915
7756
5500
13008
14762
1631
2916
12356
8420
4693
12448
2569
11824
3177
12399
13757
3366
13054
9345
1485
7487
7501
16928
3495
31
1730
11735
13100
8606
5392
9668
13595
7145
5780
15747
6360
1116
4206
4243
14631
1664
208
9566
1243
14365
4437
17038
741
15535
14978
6717
3458
7930
12183
15508
15120
8545
6839
15742
7360
12563
16381
5506
3665
15441
12023
8528
2896
3933
5571
594
13374
8842
16451
2257
3299
6308
9401
6670
3438
5959
301
1600
5267
7025
7126
1478
7064
18013
6642
7344
7510
8407
6001
12943
5056
9513
648
50
9327
12397
1796
6096
13827
16426
7821
42
6701
7784
3385
16575
3115
5171
14149
15909
2730
3905
16631
10384
17393
3097
6804
8572
3330
3432
14028
7401
14126
8268
7723
9588
17877
7668
2500
3098
11510
8764
15382
4959
3118
7835
3089
4784
3719
2841
15323
6631
3724
5127
12343
13990
12087
14979
8086
16015
411
17913
17882
17073
1400
9680
8195
16758
4418
15532
6114
9888
8587
8103
850
13293
5911
8889
7384
12712
2238
17649
11991
1750
11104
16208
10316
18054
17657
17258
9116
509
3295
16666
16622
6296
5883
15089
8573
11687
14423
238
12431
3242
14347
7878
12947
17930
17852
5405
12121
2419
8288
10447
16542
17976
7504
11614
15454
1753
14336
3738
6302
4808
5487
4984
6443
14176
15580
2669
2947
7291
10554
463
13409
14851
17546
2141
13516
6298
13966
15786
13154
13353
6487
6440
7056
14527
10262
15129
8382
10515
8361
2410
13848
3241
8610
1972
916
12729
12972
1980
17647
17993
8724
16353
6627
8584
12542
11972
16133
683
15514
7913
15677
17479
8879
6924
7355
4483
1259
8344
10322
5060
8080
10266
5006
10059
10837
13767
1545
17682
13817
16011
6565
4323
15229
7558
7305
10750
1034
7512
14532
8844
6938
6459
11093
1774
4401
8680
10173
3633
7170
8617
8270
13656
7497
4931
10948
18037
12749
16693
7217
13584
6661
1936
8784
8611
799
17827
17465
13541
437
9540
3851
13698
8192
11318
17095
908
8454
3656
11841
78
1675
17124
11437
7629
3121
5640
12246
6633
693
5032
10928
11788
6573
7209
3518
13910
1193
14600
1295
13779
3613
7592
7555
13685
4869
6151
1179
7071
12935
2623
8455
10458
6935
3980
16556
5644
17862
8159
7884
7051
17311
12328
8670
15275
6195
15674
16369
167
2168
2654
11961
8722
10448
5729
1638
13473
3907
16573
757
4553
2554
495
8890
2409
15267
5791
7284
12967
7257
10263
5866
8020
12297
6937
423
14552
14956
13082
1716
2882
2584
17808
1940
3181
12686
8595
6201
14219
16752
9587
2715
5096
2359
10613
14911
2793
5118
3977
15606
3575
9361
8922
956
8248
2977
6580
9703
4804
7475
5365
6059
5996
7298
8116
4531
12346
11620
475
511
16062
7716
3749
13179
7486
5377
10660
9796
12887
11073
1397
460
4598
18079
2358
17175
10287
11756
7897
16180
17355
9754
1382
18010
5972
12671
1069
8032
7112
11976
2649
9726
8389
16612
4788
10389
16772
10353
813
6066
12985
3767
16920
7213
10727
11832
14056
3752
9026
17252
14970
6279
7316
11350
10625
13448
7772
3827
16351
11127
2583
6668
139
2466
14637
3740
2342
9091
14703
11522
11635
9444
4421
14252
7999
17684
14545
12774
3866
1794
8570
6820
3194
15559
6208
10621
3071
7152
6547
237
2126
17718
8237
3138
7709
8027
13793
3055
26
4303
17905
13816
15329
1408
12507
554
285
14472
13455
7699
5478
15961
493
3456
13367
9076
9737
2023
7793
6435
8868
2415
14010
3361
2316
6589
3441
11128
4001
8284
14190
12494
3844
61
13260
17579
2503
12775
2491
5721
546
1695
3878
15003
13336
14789
440
7943
15865
8126
4704
1587
1948
12800
8263
1223
17536
9234
5811
13654
11307
17957
2787
16777
2103
17777
4476
16313
736
951
5898
4099
12786
6334
13550
12660
8094
12668
1198
7869
7369
923
15266
11912
5211
17144
16132
18026
14924
4347
16633
7008
17731
10798
7648
5714
7396
16249
2254
15638
6750
13005
14953
5708
1426
2501
3996
18066
15350
8060
6349
11378
12960
11174
10776
11359
1731
10344
7069
7580
896
1508
23
14447
8303
8360
10917
13975
12746
17225
7336
4388
15438
5222
16109
17133
14023
2631
13291
2703
9360
4118
13659
17207
2490
5875
2336
9065
7575
2574
435
5244
9528
17181
3897
17011
10770
6748
334
10944
3066
2372
5389
10365
6230
2345
12074
12843
17922
2241
7075
1017
16669
4653
4331
14022
9105
17929
11938
15447
11116
1660
17290
2530
2925
5738
18090
7535
6371
12039
16188
5376
13804
14397
3428
5745
3025
1558
12499
2960
4361
15173
4857
11217
8604
6901
7618
39
8671
4409
2645
18023
5732
3683
13184
6042
15754
10710
12490
7730
4086
13493
10774
10830
2875
2497
17227
6990
12228
13987
17003
11717
17716
17843
2700
341
9605
13798
7947
15021
217
14172
136
17291
8013
16638
3886
3130
5289
5041
4586
3899
9326
9666
8739
11507
17430
5930
17915
5864
1870
17221
14742
18029
2319
1052
11865
14803
14393
7489
9171
12002
14415
11371
12546
658
17762
14989
2381
17885
2788
6071
10667
17214
17565
16982
16609
3405
2471
14915
14066
17110
8585
5624
6035
2538
6365
7675
219
13495
2698
4714
2447
12584
18016
16263
6086
6684
16022
5305
8353
14250
16265
17200
7690
10924
9525
805
15093
2100
5868
1691
425
7274
16413
13253
16632
3739
8438
7293
6177
5744
1418
4744
11283
7760
2633
16524
9132
17846
5057
7460
11097
3602
646
5778
1962
8057
16048
17184
11134
9948
7762
2694
17521
12407
1945
6871
17024
14872
2399
30
7387
10466
4557
11485
13834
5950
17139
4050
8563
18001
12351
8082
4464
8350
8110
5169
6328
12178
17704
16403
17169
14291
232
10531
14988
14214
12256
2365
5400
16889
12801
16181
12991
14031
17153
316
17602
16635
13224
3642
9068
17901
10214
5236
12309
2015
16771
6048
7655
6905
11715
2163
7397
3837
936
12970
5935
16097
17415
15464
9221
8037
9311
11095
15393
1489
9331
17172
3338
8373
9195
6798
14417
9813
11160
5988
12393
2461
109
16105
15397
16503
1667
13198
15525
10909
16649
5124
15999
44
8102
10313
13512
6637
5583
13039
1085
2075
1238
9652
1423
1872
1537
8464
12485
9393
11696
8127
17583
3819
5886
2812
2002
8256
2906
14311
7627
11346
4396
3318
6047
11220
12187
6617
17000
15843
1499
2031
15774
8193
14014
3653
14192
16379
13529
9710
6148
9411
2679
10043
8155
6429
17327
9770
14585
8264
1377
5422
9872
2221
1125
3686
12737
17723
8010
5761
14160
14765
9389
8436
1084
13547
7359
8618
6851
5052
10474
17195
4307
7005
4413
6408
4018
2444
1957
17232
2739
6057
5949
14717
13956
13850
10513
11461
7121
731
17187
10460
1129
5075
3090
3162
4554
13676
5406
14431
12261
1766
228
15932
2582
14118
10366
17865
15960
6876
16996
17399
2632
12215
10745
15646
3972
17257
8673
10785
2010
3431
10867
5750
13795
691
364
7155
5159
13242
10295
2413
3588
15979
2226
14537
17422
10806
16862
6415
10157
14925
4840
1835
8266
3282
17925
6398
1959
12169
15407
652
16860
166
6656
5051
14462
8540
17216
2339
6909
3023
16261
16586
6578
2146
9817
7957
9368
3215
6500
5716
18044
14795
9804
11208
1490
8992
5634
16043
3080
16356
1186
17083
9125
7018
11798
9519
14933
13997
438
17142
13537
14701
2227
3470
3047
4369
15588
12844
8215
8831
12573
14316
17736
5130
2382
11599
4285
5697
7107
15521
6000
9638
14005
7855
2261
12480
17223
14110
12694
8397
11245
1110
8261
3258
15477
9910
2579
5450
14380
2234
14474
4463
15761
3324
2592
16462
9200
11964
15289
15205
13980
9014
4436
8187
14360
2291
5651
3000
7865
4360
8684
7459
11629
15539
5292
12318
8507
4107
12007
12719
10511
6331
7488
3092
13815
960
2053
12572
6339
8022
4152
242
11876
975
1158
11850
9865
146
2547
16090
2258
5455
16155
640
15136
7157
6850
1824
17623
7148
2197
4773
4282
12580
17341
12675
3569
5108
6014
13392
7507
12502
7982
9239
14353
2211
8329
656
13739
2537
5867
3938
15675
5439
7759
13540
2054
14449
5125
6146
4041
11725
12630
16224
15461
5347
9209
7631
6855
2637
8018
7431
4208
13951
13129
2214
10630
11551
17737
6058
2412
2018
4877
12807
4002
17238
3507
9808
3014
8490
5999
1516
7333
3172
2601
881
5546
9879
8021
521
13346
12574
12952
1057
4298
14952
3945
17017
10491
2061
10796
9005
7041
7918
15490
3444
12897
12689
14085
6428
10441
8337
11889
11917
6352
12453
15039
15687
1665
7665
2806
8038
11660
6720
7193
84
2160
11981
16538
13950
14460
3893
5276
15947
7223
4236
969
5563
7940
1838
7386
13791
2976
1155
15769
12388
9010
2086
5722
11527
14983
12906
10327
2130
13774
399
10654
15637
563
6380
3400
6802
17835
13490
14610
16973
6391
9571
11218
3364
2218
6510
15844
4450
8384
545
11131
5483
17787
1375
2203
12236
15888
14139
6894
7415
9538
9141
151
13301
17469
17610
2620
15115
8519
3370
6986
13861
762
1908
3566
17032
6709
2829
12583
116
12744
13891
1001
9063
12294
4963
2462
712
17336
9243
5064
8366
10886
4547
7102
3596
16977
3528
4252
18047
11900
8128
8655
10105
17560
1348
7728
1381
3560
2883
3658
6678
822
13591
3922
8241
4544
5239
6771
2948
2673
9202
4117
13752
8876
2722
781
16352
14914
1923
6072
14287
7588
7781
8691
9088
8581
4039
3867
6011
8355
14058
5419
15528
11966
11492
16089
5934
17004
15683
13086
13157
1108
8450
10111
2109
8785
12054
8676
5853
14182
4069
13908
9392
16856
4754
1208
16408
17912
12758
15930
4589
1064
6231
4477
14764
15246
11125
9655
5363
15950
10964
9421
6853
2116
6229
5110
12162
2340
7645
1264
12195
16521
16277
13946
15483
12278
16112
1250
4870
8529
11952
3164
10807
17782
1701
8416
16840
9900
16842
13041
6240
6097
15595
8571
13673
13171
8413
7956
3034
17019
11122
13842
9998
3929
2208
3808
5360
6769
13520
5929
5294
15066
388
7196
15766
14161
4551
12197
4967
415
10535
10238
12946
10168
6538
1933
16228
15682
17680
15493
9461
14544
15835
9996
4288
9496
14503
12505
7975
2629
9506
17833
15449
16128
16667
870
17920
47
12978
14784
17881
15869
9699
2171
10141
14141
11701
270
13730
2956
3660
7326
9692
13077
18085
13038
5960
17342
14824
7824
15612
11358
12600
9296
9204
12392
10779
10359
5736
5754
7477
11554
7500
9789
1390
16769
6136
12782
2400
542
5065
11168
14260
16882
2236
629
2354
8899
14843
15752
12181
7532
152
11840
9190
9078
6075
5505
13267
5199
16017
7757
15556
4423
17679
17542
17079
4064
8499
11557
11224
14344
7467
4290
9023
1555
5527
13952
14411
7290
2469
7495
14977
6080
6434
8825
12948
5301
4875
2513
13394
6460
9660
6892
12061
1317
5223
258
8278
14294
1487
13722
1143
8593
1304
49
14389
7070
3824
8787
1541
3832
8330
17626
8446
10840
13531
15954
1934
14994
7215
14264
13332
708
11443
6351
3315
3611
7980
16945
16165
10012
9283
3950
6174
1117
12012
16577
8468
14406
13775
2350
185
193
15812
11761
14078
5473
12692
11905
6323
8229
739
2776
13481
14912
6135
12106
4678
2144
87
5237
155
10570
2441
162
4775
14980
15618
14483
7262
9805
11945
1786
6355
8702
1219
14064
9104
6276
332
11444
18039
2142
17968
8434
1643
11243
1182
636
2818
11473
15064
9712
6570
10465
3850
9291
4364
11873
6624
13120
1527
21
7440
11737
8114
8287
230
17715
13530
8240
8079
17607
16085
5325
17934
13628
5888
973
15206
5162
11978
2796
16965
11962
14235
3727
14222
14230
12745
11904
7907
15847
14076
12663
12075
4007
12916
12430
8795
7266
10579
1296
1671
2666
16063
5709
5580
17724
10296
4758
15117
9158
9300
6407
15616
4666
2656
11595
13036
515
1330
7195
6584
8918
3617
902
8774
8637
15222
14785
17029
3079
5469
10862
303
16209
4013
15534
3797
7752
4215
17742
1584
11573
2683
9830
6724
2868
6985
4825
2349
7693
7565
17705
16140
2024
2366
17849
5816
2009
4139
14523
15070
8392
2151
10333
2924
2665
1153
16808
11958
15540
9633
5856
8336
14037
718
7702
11288
12122
7446
2773
16939
5833
14926
13337
5102
4835
6036
318
5556
7893
17057
14633
9178
10495
11827
6144
10900
13314
9983
5878
0
3093
14677
11947
4651
1578
1700
6655
9840
12232
159
9670
2459
17478
15164
11153
8813
7474
2937
2549
13068
6153
13507
10374
14146
14433
9476
13365
10324
12723
13930
1167
12247
13415
13904
2256
11734
12890
12313
3742
2483
2966
9278
15971
12196
18080
16543
2303
2453
3261
7342
8117
11148
11748
14806
14491
12721
5143
9118
14715
14025
2610
11345
5881
5723
2182
4305
14224
8294
10388
9082
14407
4574
66
279
5145
17392
16512
3243
15993
15537
6605
14321
3843
6483
2281
14120
8504
15343
7919
2118
11383
15919
8267
7000
5320
8709
7600
1562
5039
13058
1327
4558
9896
12310
11661
2871
11481
12931
16949
12803
346
8605
8498
3500
9469
14836
17320
17708
7494
9004
1720
9428
2456
1234
11376
17768
8457
11317
10178
10314
1323
5844
10906
1256
12812
8042
3256
10632
1723
16469
10468
1095
4746
14151
7873
12185
1
13440
5286
17963
7265
18004
5308
3572
5692
12865
15282
1770
16995
6995
13294
6968
6416
3896
10791
13592
9450
14426
11353
81
16764
1286
17766
1199
8046
14013
14707
7984
12902
5704
13780
1850
8980
9962
8556
3397
11931
11349
16485
8981
1815
16741
5344
13483
8016
10401
15004
14603
14620
18087
4035
11397
11636
7248
13900
13458
8802
728
3213
6256
7552
12092
4262
8589
10726
15858
13564
5592
11423
13560
8308
8928
7208
13933
4067
11640
6973
3070
2931
7186
13329
4070
17390
1393
13582
14251
5034
10153
1468
3457
15357
3314
16905
6235
7619
6822
8769
2437
9898
4384
12213
13442
14434
10436
120
13248
16472
2766
6710
9198
6034
8040
1736
11361
8841
6900
13696
5781
6227
16461
10481
9259
206
2870
10920
6413
1759
11046
5268
699
1467
15622
12148
2628
1107
14885
7325
4439
17266
2092
1857
17848
12859
5106
14607
7030
265
2011
14145
3334
14427
10231
8583
887
13587
18024
14494
10509
3974
6214
7546
1523
9094
13744
4010
2862
4601
6880
5105
70
9674
9413
4459
14877
15868
13081
17869
5499
13461
15153
14444
10347
12798
11476
17508
13343
6721
10140
1374
6879
3777
12699
2544
6630
2489
13905
4793
1961
4649
3914
4614
11396
3012
16308
4475
11739
16722
4025
9481
11777
14089
3490
11219
6179
1687
16284
10457
14783
14319
13006
1805
16767
12762
917
4503
5946
16252
9963
16728
10552
10557
2542
2063
9556
598
16700
8078
10960
7003
10336
1168
9634
17106
7551
2817
13463
2659
10843
10309
17973
13637
16509
16336
524
11231
15572
9554
6465
9838
9521
16581
7805
4536
4543
10602
7606
4346
15711
4484
7427
8820
897
11000
17538
2568
10408
9993
12528
15957
12068
2861
10671
3623
10075
15995
3990
3100
16367
10440
13451
10501
4577
5557
7457
16972
2093
8639
11083
676
2784
8435
17744
16354
11362
12917
17780
9695
13064
12825
8238
12938
10455
7073
14516
4204
14531
12624
10923
10998
10068
7393
7585
11763
838
11090
1579
9150
3499
2833
6531
13236
16948
11493
12706
10383
5284
8666
7738
15968
16533
8953
7059
9434
4757
4507
9357
28
965
490
14453
5787
10413
4398
1844
7253
3466
2376
13268
9582
4765
13106
6102
8799
7989
10752
7221
14723
10310
12968
16601
6904
7701
4936
2379
568
15078
12339
8891
9375
5030
16652
6173
1409
17733
8323
8736
17246
16626
5315
9578
14887
494
9271
5685
5749
11372
13310
819
9055
13164
1688
14900
15799
6961
11753
10306
15269
7166
5413
13578
14845
1597
15825
65
16176
12826
1236
9090
15604
13672
1292
7796
12151
1809
4886
10527
13819
1761
11074
6015
6400
7100
7242
4650
14210
7134
10580
5956
3167
8272
12913
9704
9007
2831
12765
999
9049
581
6508
6228
13386
1163
15265
3251
13519
4502
8199
2674
2816
22
11275
5490
12588
17013
15665
12534
16318
14030
5445
6761
4198
12862
3913
585
3312
8869
10544
17089
13450
8936
4985
13708
700
17927
15481
360
12083
197
4942
2563
9619
17230
1328
5908
16059
847
14021
8309
10999
8968
8168
13073
14554
10582
17339
9439
8409
15042
8208
7434
17781
17405
8996
17495
17010
7836
10128
15880
7273
6504
1316
9449
6673
16850
13668
16545
10911
10406
3297
10587
12880
6981
5393
18077
9927
10805
8017
3629
5293
9682
10672
2044
15756
8965
7379
7528
12161
4997
1985
6653
11055
4370
1812
17097
17637
8456
8177
15787
12934
6226
8143
4489
3376
753
11608
10985
13906
4289
17917
5394
15800
946
13046
5246
7769
5719
17577
12149
16357
15777
3408
9016
13724
13232
1459
3239
13604
459
13398
8069
4076
6907
7382
6577
33
7525
13524
9649
638
10229
15882
3150
10431
2814
9606
4873
14718
4350
2586
3159
1867
11875
7389
10369
4611
382
10539
943
1242
12410
11642
1205
11302
16653
1366
13985
15804
3949
17769
15105
9284
3480
12835
11509
12718
5918
8408
5318
6852
14330
3051
536
14695
5282
18021
17307
10724
9717
372
11523
6252
16033
5253
9851
2067
3675
11686
760
13692
16114
4207
15792
5826
2492
12416
12287
16315
9639
11757
4847
17096
6362
12607
7207
14993
8074
5656
16603
9742
13230
8607
10453
12680
9406
14711
7670
6806
15413
8395
1837
3789
8298
1191
5271
3976
4151
2691
12784
1021
2585
6431
3102
102
252
2996
10972
10870
15152
8810
2900
16021
14221
9479
7549
11862
12965
12540
2199
1632
3026
16074
12609
2515
903
4908
12225
10926
7986
11731
3263
3281
11295
7335
14929
5461
448
12708
6738
4200
3708
8442
15567
2411
4394
2933
1073
4453
4061
737
15158
1161
5545
6834
17333
4351
4027
16606
4878
2910
16961
15224
13432
4761
7240
3926
15154
3842
9622
12072
17213
8743
3205
2642
9484
6237
3275
10815
10114
1722
7398
7108
18072
3453
11071
13421
6727
488
5598
7915
1706
924
9252
8041
2643
9825
6696
6055
13745
14525
16362
6164
395
17158
12979
15710
11300
14186
4926
17710
13944
3250
15260
17790
12842
12855
5068
13221
12355
14678
8987
2502
8379
11403
5892
14409
2901
9370
11650
16316
12243
7866
10549
16792
4294
11330
15667
510
1172
15414
6152
4124
15510
11559
16254
8106
4468
17772
12661
5113
8414
2159
9917
17979
11422
8644
5534
17098
10130
5071
4036
15789
17250
1763
11413
2735
16125
8942
1737
2594
8134
3833
11677
12238
5404
14072
2213
9142
444
6175
4868
6764
13958
15626
4667
8076
10088
12086
14373
4850
9436
7682
7435
7127
6420
5084
12119
5040
17932
4031
7954
13740
13012
12404
7220
7799
16744
5621
13717
13884
7817
9949
7674
2027
16960
13589
1656
8858
3813
2306
5326
10482
12145
591
8550
14174
2723
3801
6676
5900
17494
13641
13615
1814
1367
5316
9641
9772
16397
14096
12337
3593
3487
15760
7226
11405
5887
13306
13803
11390
8732
12767
15684
1093
10586
14015
8164
8765
14131
14156
13875
579
6582
15240
607
9523
6902
11172
4759
385
15292
6167
9297
12190
13872
10614
17828
11544
10723
6815
593
7672
4500
4630
12969
10784
5799
6694
16947
14787
5192
3435
13284
1266
10198
11463
5193
1608
6549
13840
10305
5161
1435
10541
15236
9304
17194
2250
10357
3863
13826
5172
17641
16135
11042
13638
13871
17947
10669
10986
1958
1925
8232
6290
14796
16083
16686
9906
11909
794
7282
6093
2923
2785
1385
1829
856
12091
11076
18038
9172
7113
11649
11223
9472
13687
5845
12954
11580
8469
3037
4163
3253
7977
11445
14378
4253
4497
10955
12649
3235
3555
8465
14627
9827
1164
6115
7236
10866
3245
12532
11268
2114
17771
4162
8776
9803
3804
9858
6286
16863
635
13255
7621
6906
8381
7194
17005
14999
3147
10256
233
3918
6569
17060
1175
7931
13897
16130
12821
9059
1133
4623
6411
6433
14557
7150
12477
7779
14901
17340
17345
2808
17020
15758
7554
1625
8362
6121
13957
5474
12293
4582
8000
3356
5711
16818
7680
2249
8824
9973
8544
13999
11534
10712
1023
12379
9230
12810
1514
8805
13389
289
8430
2980
17491
12918
9365
5718
12395
14972
12362
17702
16817
4567
8035
13418
17199
7854
979
7235
1274
7229
6751
433
5871
17391
16745
571
13363
6495
17531
17052
6645
16997
6143
9567
6105
7115
7055
11281
13890
8049
7968
13001
2448
8311
14854
4801
8327
15596
9247
15444
12556
4165
2433
9545
12778
9723
1257
12024
15325
9473
10078
15642
1325
8834
14618
5513
5107
16363
5662
11081
3081
205
17375
10738
2928
15156
11170
1916
7566
11514
4665
15594
11853
3277
17571
8935
12279
15544
14927
14844
5094
6601
2134
10725
12422
11375
11239
12628
5418
4596
17367
13856
4807
13599
12733
1996
1641
5817
17995
4674
13786
11043
4624
15648
16933
2025
12496
17507
13257
2165
14203
16044
9791
8867
4900
6950
11495
6373
16976
6467
16067
10454
6287
13174
16320
13612
9018
11627
7721
16986
16548
7676
5362
1078
2615
12531
13561
806
8973
5830
3873
16268
3484
8843
3417
7763
7610
14430
10828
4695
15536
5435
5273
1929
12321
8752
9231
8737
11247
10048
7428
4054
11197
15450
15167
6219
1673
10652
3606
2174
3359
6867
1594
6306
4791
7078
4972
6497
1728
17228
15619
9905
5647
13169
7941
4127
8202
6984
14166
10616
2917
17948
11284
13695
12904
17272
742
13600
3769
14569
7347
17662
5673
11501
16340
3394
10008
9489
2617
6691
12371
13567
2890
14405
6977
371
9576
694
11844
13311
9307
17513
11352
9965
9647
13566
16554
15408
14763
11315
845
5836
9640
7125
17115
14047
17706
10281
941
9346
13968
15216
16823
17460
808
5605
2082
13860
9245
12206
8131
14352
16826
7911
9612
13776
4461
13572
4383
432
9693
2229
10243
14216
1971
10044
6754
14801
7463
14421
10434
9637
17454
6959
13709
11707
13359
8818
8896
9429
15081
11417
10938
14086
12711
9220
14011
520
6338
16127
8006
9260
2815
17660
695
10790
4964
8744
9857
4617
4072
9935
16813
16781
9855
6832
123
16412
5535
2424
12417
8157
13598
7842
10534
7841
17791
2276
13625
16487
12713
16887
10254
6729
4480
7780
16262
14195
12654
12659
143
4406
14884
9828
6379
7971
12988
14376
11781
16812
5119
3153
5584
12736
15668
9514
12802
1677
7840
9443
14948
5526
4414
6520
17186
13437
15114
13281
16671
8391
13593
5954
10572
331
10871
15895
17578
8620
13824
4694
13055
9405
1978
15130
12523
15099
7024
11759
1140
1557
9956
12508
14184
5386
7526
6046
16740
13845
3725
9157
5202
15466
16822
418
2302
14035
381
6003
1244
16861
5850
4581
9558
5250
10820
6666
537
2472
4455
11747
3099
1427
13370
11997
9920
11500
4683
758
7441
12519
14818
8762
1878
1974
12332
14847
710
14202
13521
3229
10720
1029
17189
17555
2675
10329
115
2036
686
9818
8913
447
11901
9410
9507
13156
10093
3641
11729
13833
7955
17483
15689
14626
4919
17352
16269
12459
4379
13866
6585
13488
17269
16248
7511
5955
14888
7098
11705
13993
9624
17323
10185
4482
306
3271
2558
4211
14324
11732
17281
2393
13464
16223
6833
6354
6259
16305
16207
14964
15091
13760
3883
5906
10395
9426
10597
6503
7635
10476
7461
12889
17445
4114
4962
12421
15870
17080
16476
3219
14621
4074
3305
15773
4125
14730
9189
8657
11364
5402
4314
16169
15621
11150
5885
7012
7695
9351
7380
9816
8588
13928
2309
13024
1604
14
14650
16057
7577
6313
11936
17292
3610
10648
8887
14526
487
13404
1613
13514
5882
12164
1463
1775
16682
12224
1693
13205
10104
9454
1973
5261
9584
9147
9607
11760
953
15367
10952
1944
12944
12541
10145
6091
16725
14568
5309
12814
4970
6332
16348
9782
307
4766
17050
17229
6111
13202
5823
12242
12442
15332
9590
10488
7484
17676
12220
14619
1742
10606
14747
12886
9795
740
2706
7822
9823
622
11402
3662
12958
5128
13279
3774
17892
9056
7496
1875
9329
1251
6190
7498
3848
17540
3989
6698
2520
15735
7341
1289
10121
13545
5559
11322
1661
5588
8359
11685
9237
6297
12229
14167
12726
14055
1633
10051
4218
11992
11569
11176
13397
4922
12109
2692
17789
14561
12817
11135
16990
9463
13237
10708
6250
12515
16345
1861
13574
7596
17552
11004
8053
5822
17048
9658
1986
11336
17335
3222
5312
620
14051
983
1150
855
11012
4523
6915
8979
13613
5831
16694
10207
2562
14741
13470
2742
3262
16787
13831
11676
2029
3189
12132
11957
674
5591
3562
15220
16835
15651
12867
179
12861
7608
10561
6033
16974
9187
6889
13700
961
506
9721
7175
13503
4408
12621
17384
12135
15043
15277
4203
7311
9916
981
11993
1013
6241
13147
13792
8210
14227
8552
14660
13982
1793
10910
12990
634
160
10350
15432
6704
661
15601
14193
7934
15155
13195
13554
3909
17886
4609
12420
3273
5255
3283
3443
15113
12538
53
8500
8376
15795
6343
10101
14559
15144
370
322
8404
8695
13256
1799
15885
8030
726
14909
7140
2394
7689
9586
14687
11536
13194
3288
2169
743
918
12446
262
10497
17639
7880
13799
16475
14048
8115
7437
3139
1395
13499
962
16798
1784
14691
15015
11680
669
3365
1211
16137
8322
18088
1560
5514
1440
11306
16385
3857
54
80
1120
17635
5181
11496
5552
10918
10519
8365
13728
2555
13706
2648
9030
13862
11085
14995
1239
1437
17418
9509
2710
10444
3125
2837
15661
4718
1018
355
7892
11743
16702
5865
9029
13375
6607
14917
9877
10861
7898
17967
4616
8289
5484
11560
13472
10031
10713
3289
4148
1217
1415
3485
1719
4196
15145
1681
14228
15955
12929
7503
5136
3975
3925
257
3874
16437
2087
12270
12535
9776
17317
16683
16327
1320
12147
11879
1464
14396
783
14130
275
14708
10775
3067
12288
10302
3267
11465
8316
15497
17325
14241
1357
927
4026
2699
12551
14392
10599
4081
596
11549
1840
9729
10403
14775
5496
9485
16256
15899
10166
14124
2120
16879
11872
161
8012
9136
17806
17309
17567
1229
7560
6611
17908
9970
12253
16937
7574
14564
13629
14582
1122
9829
4090
7135
16708
11108
7782
15627
2697
12369
1601
8233
2117
3065
2138
647
12669
8626
8881
17655
14052
6383
4108
12411
2430
1803
6341
3002
4575
5551
13175
5770
7933
8597
1530
8121
1145
17677
2107
7315
6134
1739
6192
4109
12582
7123
5390
9745
12761
16227
10419
4249
13879
2981
16897
17760
8969
512
12629
9418
8821
5820
17034
3209
132
7515
14811
10300
14094
7048
5828
16230
7886
12357
456
2124
187
15916
16100
8812
11020
13053
7287
5498
16260
17357
5433
2510
16643
5168
4796
406
17285
2334
10956
9169
15442
3255
1019
12100
5849
8742
13342
7473
4906
9086
2423
6044
4935
15435
419
8538
11163
59
3403
16349
14644
16034
9310
10439
2079
11706
2987
2235
9358
802
9215
2943
3888
10443
829
2798
16343
10739
1474
4376
6948
11690
1132
6316
8679
16989
15654
12237
14301
8600
4572
15283
3116
15705
169
6340
9287
15200
6951
1405
9944
5503
16648
1410
8137
14143
7479
4797
4020
2986
914
5993
13825
4781
15956
1639
17841
15625
1443
7516
2364
1788
7985
2751
9581
17670
5134
17094
12447
6672
16287
16547
10174
11622
17691
10076
8532
16562
3337
15946
13666
14543
8459
15044
8354
12543
11713
3743
13922
11965
15061
8851
3381
14497
15546
12973
198
13609
2046
227
9474
3335
1232
7622
2038
10845
13718
17678
430
12345
9897
959
7168
9249
9822
4399
7400
8484
17694
18059
720
13425
2894
6967
10991
2270
9060
11718
12285
5652
11956
16231
15127
17037
4546
16298
4100
9544
11198
6987
9790
3666
14239
7352
3317
4235
3155
17916
609
4907
10410
13972
1147
8186
12881
4622
7394
10795
15830
7436
12326
8749
13344
8169
14363
6767
3440
16641
10014
9728
9594
10768
9959
5152
15517
15290
9313
1976
9160
14576
6223
14418
1524
13893
14855
796
12239
16239
9431
2019
4261
98
15983
14123
12936
12455
8335
235
10422
13405
5388
12199
13080
5114
17792
11833
17653
10191
10037
7252
352
11584
5607
15728
11754
14477
16689
991
13606
7969
15132
13684
13639
17645
17969
15763
4191
3313
9394
3829
10537
7638
10978
8603
6516
12513
9167
15162
11162
4267
15363
9312
16502
2183
8505
15925
1836
2971
14443
12725
6512
11483
13543
17687
17532
366
5700
220
13517
15550
9504
15615
10386
15565
4940
10832
16598
6890
14835
14080
16296
6458
431
1344
12804
1854
2488
501
4166
14518
6199
13285
6436
886
11663
689
2676
13048
9181
4541
2963
8467
9869
1764
15385
2686
6749
10899
8931
1653
12828
628
3595
8576
2274
3111
7120
17241
3031
9123
12223
7421
15739
9383
2335
11065
8260
7045
11847
17528
3817
17985
118
10997
17174
16766
17334
13369
8089
15586
4023
10162
409
2094
6261
15582
5710
13034
10979
15143
11119
17397
8997
13674
2858
8531
5672
17464
11456
17041
933
4715
16281
16087
11296
10394
2243
16719
1362
17130
16104
6187
6593
2553
11567
9722
3373
6288
17914
12623
9054
11236
15278
16347
5779
383
9416
10536
2843
12922
5438
8245
9939
3580
7239
8412
5238
7402
10981
16880
2872
10072
1782
13022
4444
17461
9087
6818
5800
1513
4837
12182
16574
5090
16055
15531
6927
296
1406
3492
16093
9868
15460
6537
15610
6133
221
17206
5663
13026
2778
10697
632
16096
5201
12067
16932
14744
992
12336
3146
7299
313
18055
1349
2344
9895
8251
5423
11566
10550
10265
5082
5245
15096
14034
17855
7597
2064
2743
6258
1180
16283
7871
14075
8305
1603
10427
9246
773
8779
1648
15693
17699
12634
3661
10420
8331
10052
7851
990
2239
16718
14335
7744
6222
810
9883
17021
14461
11971
9124
12471
9162
939
17878
1589
2839
1904
16569
2325
3626
15892
15344
15848
9975
17887
1194
5049
1554
13297
5257
11111
5280
14954
5050
2452
1488
5372
12598
8624
1263
3477
4658
5774
10393
1704
1853
16759
9267
1672
12292
16527
2826
11086
9092
7593
14171
6463
16970
1744
11384
4359
9642
17135
792
12146
2450
1157
6770
5241
10042
16028
16536
12158
3565
6690
16559
17999
9755
10722
8243
2965
17910
9659
16695
5303
12716
10666
9340
15207
10915
18003
14475
6277
12479
3723
17166
11907
9225
5614
14960
8711
17730
4417
6284
17404
12984
14942
13911
4646
6303
16380
2903
12212
12757
17128
7410
15
14001
13333
9101
14299
2123
4981
2767
11221
3995
9338
16344
5603
10125
7519
4513
9440
8109
6067
5907
9925
315
6913
5391
2417
771
328
14928
14766
17987
15850
3687
10029
15085
9748
9919
16154
14394
15770
9673
176
13203
4562
8334
3392
6473
7521
2950
4816
8835
5578
2828
1756
6518
14746
11546
9503
3362
14514
2748
626
17299
11411
13614
4433
13424
12000
1118
2166
11138
8203
15547
17625
17924
4767
574
3268
8133
12207
12899
6110
14090
5776
11386
10706
10058
153
3321
16488
7082
226
15429
6477
13796
16934
5281
2973
10354
9316
12643
11291
16647
11472
1517
12691
11746
10875
2431
11727
5536
12374
562
14059
4772
4813
18030
9330
12260
11159
14040
8527
8014
1817
13066
9675
16094
10626
1890
3904
14588
240
1740
3319
8675
10429
15372
7260
8274
8817
4833
13844
10235
3389
2286
11943
3875
7425
2097
10100
6248
10772
16819
12998
791
659
14060
17698
2474
12458
7966
17107
4405
16505
16584
4042
11183
1510
2989
4790
5645
3825
7412
809
15180
4642
11974
12937
4798
929
4130
13239
7715
8901
10747
6744
12626
13123
17636
8218
2050
6182
17314
11412
8985
11393
1942
1563
7765
7283
4568
1293
15509
1101
13400
5009
4648
7885
6831
12385
13954
5454
9557
2664
3753
7735
9295
1826
16778
2733
5748
11415
2485
15697
6430
17090
12101
7470
12550
6113
675
3038
10872
17280
1989
16473
15178
11902
17871
14045
7767
16680
13358
5670
14293
12210
4566
10912
10221
16417
5841
4486
6124
8062
2927
610
4416
13110
6172
13945
621
8775
11460
9404
963
15545
5517
10240
271
7938
5479
530
14533
13025
11177
882
14846
1412
14799
9681
12249
2106
9457
3840
14622
3600
10754
17836
11617
14445
17860
8845
9626
2085
3042
8223
3143
4999
3404
8619
10655
6266
9809
7537
244
7184
15030
16780
11766
9783
10212
7122
363
3423
16383
14083
11722
9197
1216
7206
8908
17198
6367
611
9774
14289
5966
14189
10472
16321
1606
1913
11099
17851
4470
4258
12586
5529
18000
68
203
5300
715
10480
11594
246
8830
3516
6581
3057
2290
375
2885
10678
8665
15036
5628
12992
15024
12631
7144
17472
13078
1882
12982
4155
7292
12016
17665
16211
2705
9989
9314
12414
11369
4741
14153
10172
11695
11852
1254
4301
8697
12964
6166
16979
4186
9206
11834
2188
1627
5947
17804
16794
17956
10275
17650
10156
7191
12301
48
9632
16423
10318
15063
15306
10073
16881
4933
17955
750
7043
15310
10500
6679
12681
2884
6794
362
15116
1215
5660
14667
2178
16615
4187
4365
1547
11007
13748
15924
15910
16807
15179
5328
12908
10653
3784
12264
10990
16555
6156
5735
11672
4961
5945
978
14753
11682
4815
9843
5678
8690
2737
8874
14793
11280
11911
4279
6692
945
13762
8661
9216
517
8870
2187
2685
2750
8852
5279
4345
5712
10682
8224
11373
13146
10445
7014
14375
9085
7959
4103
3449
5829
8738
1038
2545
15421
6442
15241
7351
15056
4226
13208
11794
4136
14591
11829
6665
10573
16371
6206
12128
11513
7189
2396
12322
11860
16921
12848
13500
7755
9515
14869
6202
6514
9761
1602
11368
4102
17304
14724
9766
11185
631
6722
4976
11793
4160
10323
8107
5902
2618
9036
16836
10206
9317
2074
1275
16095
17697
12605
4896
6390
7319
9592
11199
8449
1559
15228
483
11141
8718
5432
13104
3628
17533
1551
17612
113
5604
4734
12203
7818
846
15917
15253
2388
16032
14646
10821
5486
426
5233
173
4874
5658
780
13515
12683
12994
13749
4795
12461
12639
14262
1771
15678
6104
7149
16378
14716
6220
8067
8910
811
16201
4876
15316
14448
5863
9154
12204
5734
10719
491
16721
9599
7547
13807
15439
17726
7130
16365
13153
16499
4441
14442
7923
6970
10475
5846
6439
16918
3045
15336
4657
9488
10055
13436
9478
4197
5541
14889
3157
4478
12511
9887
12808
10783
14042
1937
6700
15861
11292
1818
11101
12218
9559
1534
8326
10196
4105
7006
9505
17293
14425
293
13079
11518
3770
9498
10325
15177
13407
12657
2962
10971
1222
17620
14577
17247
14367
9862
7383
336
450
10942
17713
9731
8687
4742
7061
4535
15951
7601
2741
11968
9610
5495
11639
10298
4661
1997
3800
6733
3322
3521
2945
13067
1351
3033
11338
3414
9273
5646
11526
12300
1943
13731
4600
12286
8363
15839
2145
5763
9456
16710
10646
1791
5904
7272
8766
3694
9369
7771
8633
326
17022
11830
6289
6357
7022
11289
14923
9384
1053
15411
4044
6474
9408
12569
6353
10916
14288
1998
17928
1955
3841
9493
13155
2060
12638
692
5631
10085
354
6094
2377
1083
13331
12364
2701
9064
4111
12776
3072
2777
11113
865
17661
16145
128
3664
15890
3234
11913
2454
17116
6004
7211
1028
6454
17651
9438
6410
8778
10703
16220
878
14693
4639
17296
7713
7358
4681
738
8625
8275
10761
9012
8198
9210
5248
5299
1008
5910
14403
2242
2012
12060
1823
2941
12194
13542
5151
17201
6931
222
11631
6295
7133
10152
17471
14006
2978
8859
8510
7834
532
16753
15511
3551
16307
9117
15704
11547
4275
13197
12266
4469
124
15746
2476
8566
16703
5847
15907
682
15274
8341
5802
667
15399
4548
5180
16723
11442
6309
8226
10936
15831
6123
3786
8061
12863
6814
16441
9800
1504
5112
1285
1476
17997
17132
7364
4247
2017
3721
1269
14150
10136
17592
2154
14895
11630
7912
5649
11932
13364
6595
4697
11327
5089
14694
768
3452
4259
16453
1864
12413
2604
17210
6813
2204
427
1503
8315
11225
15980
2337
14155
14613
10698
3211
14399
6861
16014
1611
11165
17455
13624
13892
4438
16410
12056
16215
16198
10184
16193
1207
16050
451
1469
7750
6877
492
10788
9179
13686
15741
8176
5860
7935
5525
13642
11164
14154
10751
3508
17428
4256
6498
9134
7300
7370
11466
8285
9580
5858
2443
16873
12230
377
16529
11657
15404
9517
14386
8402
17659
14033
3168
14894
12373
2926
1173
13725
17170
16388
11804
7788
16520
4743
9280
11930
16191
2905
9762
8325
10367
16151
4686
6842
2681
3044
6506
4915
9691
16324
5098
8304
1248
6921
14733
14245
12823
7983
11612
5689
3158
11977
12677
15743
15488
1928
13977
14941
16866
2522
13219
13135
170
11531
1039
4939
17813
5978
1900
17850
8668
16479
10786
9477
12829
17689
8418
17368
10933
13395
14706
7647
17143
16785
3711
1181
4768
10691
13586
4760
1654
6888
2573
15845
14355
6618
16065
17722
4755
428
5835
4921
9212
13435
6600
4194
3590
4214
16837
7633
1048
13854
10925
18086
5038
1220
12192
5851
15294
8211
4404
17539
3882
7063
3591
2803
2526
17370
777
2051
10737
97
7920
11050
3519
16018
7844
11310
12386
13259
9148
1169
14671
15562
8561
9886
11828
864
10273
4051
9820
4454
14809
12062
7478
6394
11440
14240
2296
11870
11234
3110
9453
4373
14752
835
776
2473
13325
7182
9662
7890
3948
17108
5587
8307
3962
4271
7903
13805
14232
3776
7801
10371
7859
13459
8383
3303
6271
12143
15656
15013
9398
3805
4021
12360
16464
16164
12150
15235
16029
5819
14535
1946
2693
10341
11010
16187
10507
12571
2071
12939
16872
9750
16189
6809
5170
10025
3796
13410
8292
11867
7775
15270
3607
6718
3761
11269
11933
1965
3129
12305
7444
9224
4462
5622
14740
8929
5186
11158
16266
5582
9319
13298
15052
11681
18011
12966
13119
10894
8646
15238
16507
11583
3698
6052
6200
4449
10728
13274
12472
243
8681
12770
15451
6982
3176
10023
16498
14946
2414
11819
11453
17596
6796
2867
15366
16910
1992
9907
3462
13482
18064
17512
3525
13276
10131
13536
6053
10876
16552
2042
13069
17436
1947
3354
12536
12010
13498
6065
1833
17434
3463
6788
12107
16203
1004
1224
1710
17584
12053
9848
17091
9285
1376
14473
6752
16325
8758
14435
13148
12324
7706
558
6713
14686
177
10680
4890
15904
9325
12402
8698
8944
3204
10636
11416
13446
3117
627
14936
11953
11601
15126
2802
18
8095
7264
10656
745
3124
2524
5989
4578
239
8860
7820
8977
16294
10032
12545
817
13621
9366
7584
9112
3601
17738
4979
10007
17
9465
5569
9953
17632
6562
11564
8688
6576
12126
17810
13469
7481
1883
13632
6245
17473
2098
15082
14517
13031
12036
17188
14510
9764
14402
11331
12748
6081
4005
6780
5132
11320
17770
16558
13623
11621
2374
678
1863
9911
14391
5
5028
11654
16833
6453
13095
13033
3932
17524
3884
2184
10132
1149
2457
12617
727
14408
14798
13568
8672
12120
1174
3284
17811
4251
12333
8731
12115
16646
8863
9041
12080
12860
9550
10450
17337
955
17903
4713
5977
9625
16400
13616
4856
778
16058
3650
7367
6746
8797
9930
6610
10192
2403
16845
15189
7905
16929
10139
6800
13315
6471
7816
10360
12454
7961
6074
14362
11927
15163
1859
15134
5979
6505
10009
12672
4308
5519
589
6027
10255
9422
5175
8599
2464
9739
11166
12685
9019
14481
6249
5014
8165
7028
8394
4610
12562
8808
9377
1612
6132
3187
5767
13544
17102
16742
764
11606
6489
2866
17338
150
15838
13932
1682
1086
272
3160
10483
10224
8516
3371
2080
16874
5684
13576
11479
13699
17401
17595
18078
3960
13263
10417
2059
8047
149
8130
13647
15923
3512
3944
16530
4590
1396
14664
13869
4787
15827
2704
15379
5424
11227
10487
12963
3328
16500
15297
9694
761
461
4941
4585
16511
14093
6660
1338
1977
9792
17482
1572
7860
4304
16620
13051
17190
9689
16655
13820
16801
565
2121
13937
10170
1359
4561
10116
1801
8441
15410
2907
2717
9093
3630
2603
12950
4960
11414
7736
5746
5166
3188
12359
9486
7429
11026
13611
12475
2556
15261
5458
5076
5123
2565
13602
5916
16901
14486
8938
18041
10812
3889
10755
15581
6260
10277
7864
5873
3136
17178
8024
8437
5285
5992
5962
5618
15699
14605
9657
15561
7929
9223
13863
15864
7238
3401
8487
10762
3001
11762
1491
12953
10175
1511
9807
3772
16675
16012
15219
10396
11859
6076
584
6320
3524
14273
12565
4937
8318
3826
15436
10230
10164
1581
6841
2641
17208
10165
16825
14248
15720
2153
2609
8613
17262
3523
9955
15077
10464
10884
17500
2869
9409
13809
7439
1313
13063
559
4299
12283
2953
7042
14488
3717
16106
14833
14932
1321
15465
1685
6488
16724
11673
8179
4783
10110
12727
7164
3270
15159
12980
8548
11996
9299
2378
6189
17177
12831
5275
1982
7462
4244
849
2263
14337
321
6441
4232
4495
11105
16126
1062
1353
471
16250
11434
11326
11347
8324
16186
15403
1963
10604
8917
12764
4899
16754
5870
1927
11228
10461
17354
4378
9950
2819
7227
9138
7607
156
9126
10317
18009
4887
14424
1241
15660
3716
3198
10628
6604
8727
9502
5824
6606
7334
1364
4367
6029
3822
2918
13020
16222
3419
944
9079
7787
16831
9129
7007
7212
11410
10133
15103
5008
4199
4354
16440
12076
6089
12497
16852
782
10071
12272
1318
15658
7996
9364
9981
11596
13396
11920
8865
4716
17310
7563
368
17745
2131
3406
1436
309
15781
17067
15273
14734
9174
2998
15048
663
15896
1044
4888
10949
4527
10873
15780
3016
14412
10194
4228
6544
9936
6272
5874
1663
13089
255
3663
9382
14308
2191
15160
1684
15452
3468
4121
12022
14496
6243
2408
8050
16519
8511
4446
5626
17746
17856
11540
17942
16619
9414
1595
1081
9842
7109
12050
9734
1575
259
16642
10345
11499
12030
9146
14236
4782
5417
869
9623
3465
11210
7119
5258
9277
15475
1420
14528
11194
3985
4865
17847
2283
4720
248
1538
5862
14940
15462
2652
12923
15929
8760
4863
14112
5024
7047
3333
11693
14105
2314
1725
16341
9175
500
4265
8669
9921
5149
16301
15037
11662
10269
11921
7711
5597
15975
16595
11836
15248
13125
4448
6381
12549
17486
10103
12640
2919
3583
4508
14329
172
100
12756
12323
17825
1735
6005
467
6012
13829
5627
3834
11120
1650
16484
1862
10246
3999
2487
15047
11033
613
212
3062
3494
4520
3036
11387
15856
6762
17217
3979
6078
17365
6312
2564
7747
16919
5492
10548
324
13035
6211
8892
7276
15184
4672
11791
766
9480
8411
12504
11854
9665
8239
10397
13886
12581
9839
16395
5741
13857
17516
9847
4592
2850
825
8741
11146
6772
15257
15976
8072
2240
13102
5200
7776
5686
15392
13213
4241
14737
9819
17359
8872
533
5806
9251
11062
4828
17047
6388
5497
17377
15169
16280
15351
1810
7967
7190
5630
16738
18002
14327
6947
9922
12057
4948
16399
11960
2484
1930
2149
9419
267
6632
11475
1553
1536
17243
8629
442
10970
7452
10160
9339
8909
4530
2442
12656
2158
5932
14922
12493
99
12701
15530
4806
7677
11394
9035
16434
16046
12382
10241
2759
13646
12732
2210
12554
5805
9992
582
10268
15065
13548
14683
15016
10649
11075
9894
4192
1820
4030
6714
5353
12381
11959
10551
12252
2284
5973
9596
15729
6451
12021
9570
17239
4811
11861
15653
11255
3259
7066
6807
6257
10556
5411
6191
6077
3968
121
7692
6062
8028
11666
8380
15242
12484
13679
11789
3511
10339
1206
8919
11274
6168
12715
12449
4029
16726
8946
8962
13853
7804
1343
15208
15759
13076
1696
14215
12514
16518
13283
9159
9359
15362
405
5146
749
7202
3396
13234
2821
15663
4431
15356
16657
3890
9987
10546
5021
10615
343
14359
13837
479
10799
15877
11575
1494
2265
16909
2384
1715
15722
6484
5687
4711
5510
2066
2133
11129
10674
11708
13562
1636
9315
1618
16998
165
17517
4945
14103
2371
3579
14721
2167
11126
10819
12517
1283
3536
12144
7733
2805
9553
17429
9292
7348
6917
2421
4848
7581
1114
10543
6292
16466
3860
11795
11092
7482
11579
13970
5133
3620
10024
1444
8555
11679
9539
5477
13712
2056
11477
4867
6218
14263
8235
189
606
14008
6926
9381
6918
6342
5793
1386
1428
3293
2988
3639
7011
8954
10623
133
4357
17081
12307
9767
15415
10249
12306
10446
6644
3920
12557
225
17444
16216
11963
7405
7332
11290
9814
2878
10405
14495
11379
2330
10695
1457
5872
4689
17767
2043
13608
5694
16658
12025
11524
17648
16757
13383
7278
16302
13453
8439
9335
261
192
4000
11356
15388
6138
14947
16908
5661
10558
4819
15733
453
11688
2068
5077
2295
9602
12137
10947
4217
7901
3445
7037
4291
7160
8754
7874
12730
8723
10248
16732
11106
2695
17156
8503
7295
12847
9186
9988
16828
4313
380
10003
4509
5414
9882
7422
16168
17040
3021
3327
13368
5466
2185
10089
7172
8877
8509
9884
2446
14558
8699
2402
17045
14958
12097
3728
11517
16783
10898
10234
15361
1072
17872
10591
5953
851
10810
3992
17205
14002
3011
14943
4505
2057
15433
1918
202
2223
4012
6725
14745
14967
11008
14296
4619
6526
5837
6348
5693
5371
5573
14100
17498
16789
16829
13357
11028
9756
15264
8989
10340
12648
13846
6989
10392
16432
1148
10099
3141
12997
5589
3928
1492
1506
10584
17374
16567
10967
1652
9991
12069
3959
5020
15590
5666
6849
1888
9733
17295
9861
3670
921
893
9890
8396
7740
17451
1109
13321
6186
13351
1065
7247
2253
884
214
14913
393
13923
10687
2404
3501
12172
15211
10588
4142
7703
548
17321
4613
11578
4150
9705
15006
8314
4082
9044
15170
3762
7353
8537
2512
8321
8068
16148
9229
4969
8345
6264
9529
12425
13
11265
6622
15231
7523
1966
5465
17964
6623
14229
5998
8883
15851
300
6060
16906
17085
6598
15997
4606
7054
4946
904
16101
15990
14903
9233
950
12277
11024
13492
10542
8806
12424
15875
12942
14276
6925
3747
4492
10390
10326
15558
9621
6859
1746
14668
4368
7704
3208
4185
4175
12186
13317
10637
16329
16913
1210
10643
15046
15102
13771
503
10969
10270
8259
17137
3526
7910
17104
8513
16672
3483
10650
15538
17935
3506
17076
3439
5509
7928
195
9941
6759
17638
13765
12666
13758
16714
9860
12001
15575
3320
17249
17084
7611
11335
15218
34
4410
3517
196
1042
4387
16713
11188
16830
12616
4699
7228
15349
14813
10846
5329
17794
8777
14101
9262
10721
15893
1567
17157
15376
1308
13072
16773
16659
15072
6519
3112
10995
3621
8273
9777
12637
16522
1015
9143
6932
12037
14340
16271
11942
4490
5384
590
5838
17474
587
12604
16624
5343
16450
14498
14077
1045
5596
144
7044
1649
14374
9228
12302
1669
8549
9003
7922
5240
16539
13352
8926
7719
9099
2738
8993
95
5810
15033
16264
6180
2175
11360
10209
358
868
2600
8771
14004
15255
9964
3224
12697
14761
17233
12436
3170
16705
5409
12201
51
6548
7994
12552
7057
11611
821
1734
1096
17597
7807
13004
2639
14973
17688
16553
5889
7625
13523
10983
544
77
2619
2756
16747
14471
16117
13501
13471
10763
16360
63
8
9614
6715
1939
12777
17907
13210
14341
7357
12924
14114
6923
15194
17475
974
13371
412
14132
534
5623
5154
7179
5178
7232
17974
7861
2390
3532
4671
7888
17664
10362
2268
6008
14476
13272
13527
11052
5447
15624
17807
13813
6126
7909
16804
11651
12933
14413
12981
16786
5755
10893
1378
16495
1583
12179
7562
2363
5426
11721
5027
314
9714
6363
4599
2789
13349
14874
13617
4189
8838
8271
6934
2832
16864
17386
5126
8296
3291
13738
3380
6401
3816
9354
11851
7998
6646
5842
15243
11190
18035
11257
4803
1189
5425
6095
13885
9062
8708
75
1749
17326
5756
16592
17068
11048
553
14546
4330
11784
11077
8250
11939
3965
16346
15309
3395
14225
4116
13986
3983
4324
4348
8836
10096
11261
17316
14218
10063
11749
14209
13378
2852
15905
13916
15138
13664
13261
7224
9706
3325
905
9390
14773
12591
14000
5707
4342
8432
15259
10449
9371
8453
15700
3792
11542
12707
6873
14797
3269
8903
6782
11979
8958
13013
181
13994
15032
15926
9006
18019
14092
2786
1192
16853
10603
14450
6940
8052
17959
11556
4620
4663
11321
11570
6019
5688
4555
1792
17814
7671
12633
15148
4014
8059
2318
8002
17168
3180
4392
895
16405
2754
11839
9353
15501
12452
16214
6507
4318
6131
16160
5715
6377
18007
2322
9451
8524
7374
1346
403
11418
6345
10154
2899
9100
11941
13212
5943
295
10349
2670
10880
3497
3386
16131
5676
11419
9226
1588
17212
8704
15299
13766
8216
14897
7447
1832
8400
14395
12811
8167
5416
8562
3244
7328
9037
8761
12051
8172
10825
5026
14628
10694
11248
988
9899
9933
13124
5891
3737
910
9153
7285
6881
1106
12470
9015
11835
8483
11719
804
18101
11882
13865
4529
4955
8496
17497
15284
9268
12211
12832
6522
8492
2506
15928
9928
756
3868
10380
13971
2940
14478
2186
12259
24
16295
16760
353
8144
13433
2635
17918
3347
3531
13250
16326
4146
13181
3247
13474
11643
7035
13828
3393
14751
329
7927
4260
16113
15543
17773
16987
1772
4056
9780
17530
12251
11785
11616
2846
2995
17432
6845
1912
8398
15161
10679
13468
13454
5063
8122
10321
10021
7662
639
930
12348
6305
13670
10980
14133
4224
13835
6375
15815
2627
14779
3936
10188
6591
7937
2231
1144
2327
4864
10493
2179
16894
13858
11647
12674
3672
6639
6141
13457
8026
10142
5226
5726
16073
12200
11537
8385
13978
8205
13649
13330
3567
15964
9724
17204
3676
16098
234
5235
16079
14736
8630
14390
15330
15941
15541
1645
17729
13177
7556
10547
8559
12136
5205
6757
1097
10119
12152
7583
10857
1416
4019
10134
16496
14081
7858
3568
194
8999
6203
655
10618
2835
2646
836
4487
9121
1496
5370
2886
6614
7724
6790
11589
11989
4385
12768
11058
7729
16688
17603
14522
8460
10540
15468
14606
7654
17356
13697
9420
7651
3773
13355
12028
13108
5173
6031
7612
13070
12284
6553
8204
9702
11799
3846
1856
9396
4928
13361
17300
5017
5044
12884
911
16611
6293
8185
8916
9013
6816
4696
5482
9615
6827
5357
10953
17183
13597
3847
13934
15174
2660
5153
14521
688
12363
2711
8789
6707
14119
2045
14116
6723
8481
16481
5620
8978
16445
14419
2761
8983
2000
10084
13746
211
15898
3017
4043
17527
15791
8514
2445
15708
13092
2902
3917
4460
5915
11114
8794
16406
12423
17082
16486
16177
15806
5657
9269
4966
17709
6779
13282
17383
5396
12319
9824
1203
714
2465
12684
14350
4627
14602
6490
6525
9597
6269
9849
8515
6216
15578
5917
14441
16602
13926
4986
9173
9736
10289
2312
73
8440
3809
8952
2661
2934
6869
2177
15723
16338
1402
10018
14272
6107
16411
16030
17425
7286
15140
7696
2724
7091
9732
3199
11039
15358
7141
9880
7973
7029
12853
11857
8297
11484
14342
16245
4471
9347
8351
5164
7856
7644
8998
17982
14135
1903
4923
8628
14271
2252
6356
17870
1235
12731
15840
16591
10227
17739
13223
1270
15079
11264
3020
9980
8119
11820
12342
12380
6898
13583
10929
1851
4472
1031
11888
13183
2984
11087
12426
12167
982
2479
7590
3257
15902
14007
4652
4457
17424
2475
2432
10992
2285
7902
3768
10067
5792
16394
14422
1969
5121
251
72
5427
5410
17371
4229
11328
8586
12312
18005
7237
5330
12177
11202
10342
8031
8710
528
2055
7153
1800
9305
2251
888
13909
10225
17218
17900
15090
12019
5196
12354
294
7914
4174
16875
14168
4083
11035
4060
5067
8696
14178
7111
6419
12029
11720
7802
7572
5648
12383
8814
958
10611
11899
3310
4584
11684
499
4975
7589
4052
8424
12647
4730
13936
15988
17006
17543
744
4706
8525
18063
3132
6307
3133
15867
15492
7862
13071
3175
1040
1368
11084
117
14704
13460
9534
8512
8706
3574
4990
12592
8343
9711
7413
434
10108
13913
9720
85
625
9889
17931
15165
15001
5564
378
3667
11053
11871
16219
13262
4842
10514
17945
15802
10477
4883
5176
14070
14567
17347
17522
15249
10973
4534
8694
15645
12451
5085
10824
12781
12063
14609
3779
13191
17515
3644
6539
15199
6092
45
5616
12524
311
15380
416
12335
2804
12174
4240
2081
12794
14098
7146
10176
1754
3123
414
15453
13931
8277
5669
10005
17036
18068
2678
10087
7013
11089
12975
10047
12439
13241
10149
4120
8225
7269
7345
681
7096
16605
1284
16401
16750
14502
2822
11765
16848
3858
266
8342
15881
8976
3434
52
9376
9527
1240
15620
17224
8791
11115
1911
17514
9425
16331
7705
3839
4532
11928
7032
2069
6664
15083
7453
7330
1526
12564
3502
8184
15554
11462
3709
14206
3556
1319
3343
6017
12377
12130
949
16023
3451
6846
9281
564
9598
4292
9687
17863
14463
11040
8715
1954
17031
15552
1741
17854
786
1230
7688
16692
5321
15186
11263
3881
14137
10086
12673
11195
2640
11803
561
9218
6659
1310
10569
6142
4634
2278
15918
16610
10778
12809
6158
7485
1834
4296
17235
5677
12240
16081
15745
8534
12687
10854
11032
9854
9191
17287
7001
11454
14815
16183
274
966
13838
402
17329
14401
6795
10769
6689
15669
16557
1827
4776
13324
15603
9301
16221
1841
10518
13539
14259
12632
17372
12622
9759
4362
17867
11014
17763
6326
10517
3859
18070
10112
16402
2392
15060
16515
3352
11316
10061
717
13877
5544
13180
1185
8421
8015
14357
11103
17944
12035
14597
16299
7137
16036
913
6803
5739
6395
15707
6682
4263
8428
1388
1447
800
11044
8001
12226
15458
361
16389
9002
10714
6625
14237
6263
7684
7664
3906
8317
13485
5890
5187
7381
10817
3107
1178
10895
3461
12415
3986
9045
17453
10013
17990
8034
2193
7094
291
8927
12627
685
17362
13319
7540
10428
3603
12372
10940
5346
7270
7129
3865
6176
9708
13444
16971
11774
9669
552
1138
10294
8636
13452
17231
8403
15649
9424
7950
2041
12275
6922
9788
14383
17621
5007
2248
971
10598
1309
3970
12262
15187
6169
11903
1074
16171
4193
1196
13622
15706
15866
15281
9931
11935
2651
15853
13186
17594
4564
3095
14356
2095
5198
5970
15836
16421
9918
9876
5586
5359
14875
2034
12797
12735
10028
13974
11459
6022
12678
9111
1195
10382
7349
16291
5016
5472
9760
2077
10167
6974
3032
14743
15226
2039
10939
915
1848
13710
410
14018
12081
10612
3384
7533
8142
1391
10053
10260
15087
8055
5264
10010
17160
9109
8368
16393
1090
12235
14867
1076
7570
1137
16922
7039
11615
4407
6425
8312
11398
11877
16915
4978
17598
1571
15906
6457
650
16035
15489
4844
11449
13037
14642
16267
13215
11691
17961
1253
2979
12103
5840
11592
13049
12443
14179
8945
6965
9958
67
3887
12055
11628
10729
13787
3815
5821
8925
15027
15553
8448
10538
3206
14213
6667
1726
603
1797
5227
13964
4721
1471
38
7751
5491
16810
11710
1202
7343
3696
9131
6837
926
9236
3582
4953
2889
12289
1335
4917
4440
4445
10499
6629
4135
11424
17700
8113
1593
6945
1785
4838
13270
2848
3798
12852
10267
7543
11468
10311
9227
7308
7173
4647
7849
1626
3908
11260
5540
13427
1127
12460
1130
14372
12469
5502
1915
11200
1204
7072
9341
6049
6087
12892
8151
11308
1884
17599
5306
10284
16876
12830
6648
10346
15629
877
9437
9108
723
6073
16748
6568
7139
17752
3862
3609
1898
5615
11565
16599
11868
4389
3766
7222
10853
7414
6178
570
17051
16368
8850
16218
4690
10661
11110
4930
1306
4853
11668
9526
8964
942
10355
10777
9741
4085
16236
8783
14659
2217
10941
16491
10686
13137
11755
10811
420
16608
1543
9627
11550
12655
16857
14891
2540
4893
9560
2823
15092
11025
11391
11142
5995
4181
11340
15981
1332
17253
16404
3402
15771
11808
9730
7661
14440
1621
3741
16953
12258
7031
7965
12268
1512
1891
755
4426
9701
12587
1453
14735
13222
5476
11586
6119
10135
5449
3030
17234
6184
16994
14479
14254
12117
3700
7110
15111
9866
2343
6038
11182
890
11775
10257
2418
13323
6088
13011
3050
11341
9603
12432
2292
17633
6378
5775
11251
1212
7309
12338
15069
9969
11670
11343
15068
3706
12849
12358
1422
1522
6347
12700
4528
17559
16237
12527
12129
6534
5177
7789
15304
617
9071
8209
15197
157
17192
10565
2801
15908
6657
11529
46
17501
2482
4167
6776
4341
3193
2672
11603
5602
3469
9881
10681
3735
10839
2546
8417
13220
13555
619
5022
8596
4817
8788
14645
2181
13233
13372
15597
6597
4068
12304
17406
8495
1197
4358
1105
11885
15193
9349
6007
2375
11226
8735
2507
15842
9397
12533
7362
2849
1666
254
17382
15650
11179
10217
2152
13753
641
15446
6726
18067
502
9752
11955
6335
3410
8178
10700
12555
14629
16802
2297
10049
12576
7987
3131
6681
3382
17062
13016
9765
1762
10800
11214
7356
6165
12217
4700
15969
13176
8466
16877
13691
17331
1218
250
7582
14310
15026
2493
5288
17587
16374
10577
6013
8663
12014
12567
10312
11846
14062
17984
15659
5737
5379
15094
4164
12214
7361
12311
14608
17784
11532
16170
11623
3547
16273
15994
16120
4595
9870
3010
3106
2970
1847
4750
7867
17113
15020
3782
11726
16162
11311
15987
15107
17874
9577
14878
8773
11266
11771
5985
16447
4306
1429
1360
13979
13429
4929
2898
18052
16967
9938
4866
6712
6056
15480
15801
10079
3424
9773
5023
5467
6213
142
977
4618
12987
18017
8347
2636
10035
13973
7086
13151
9020
10106
16583
11006
9165
4375
2709
6956
9945
2847
3161
9241
12315
3344
3942
15973
14201
894
8530
16052
551
10717
5637
8423
5144
5728
16838
7392
17297
16443
5790
17609
12665
16373
13513
10987
9470
3391
17909
229
2326
9678
6210
12780
9166
5054
13062
8857
5969
6835
15548
17573
9328
2879
12971
12231
11895
1365
9832
1005
6594
1347
17261
5632
8474
13989
13052
4435
2740
3473
9144
6636
4934
6493
531
9547
11254
11367
10881
4675
3585
12078
7077
6221
11047
1262
10638
3982
12271
15258
6663
7205
3604
2299
3919
14079
17890
9061
11016
58
3460
4947
13627
15897
5671
9288
5568
14902
6865
4212
5566
729
17732
15225
16037
14208
6376
16992
9047
7277
3
6170
12290
13134
8339
12895
5921
13479
8096
4777
2891
17312
3584
10934
4173
15685
5595
4222
12198
11401
2277
11915
4016
15985
8622
15457
3387
7085
14404
6613
12690
5203
3274
1897
9203
1016
12419
1226
15748
10622
17480
15360
9240
15566
11498
7887
3821
2323
10525
13185
2073
14452
12558
14212
7214
17619
4062
2207
9909
2994
4814
16286
3323
15834
15494
2763
10123
12836
3578
12334
7944
9511
15486
645
10391
853
4656
9177
8565
7087
15974
12698
1082
10182
404
3788
15724
439
9170
16409
5909
12575
9543
17897
17289
16650
14499
16024
8627
9008
17815
703
4855
11018
12366
14647
15776
2684
5354
3040
17821
15176
103
8219
10438
12986
9321
6579
9758
730
7926
6808
407
4419
9
12841
14504
4834
11818
3961
4664
14304
2321
3586
5679
1477
16285
2129
11490
11587
12833
13273
5137
15295
8705
11999
3969
13705
10272
17131
7321
10520
2813
6559
15076
7491
1424
9997
12406
10865
16333
858
660
9664
15846
15300
2357
6541
10545
831
13393
17448
4669
4059
5061
14685
14881
14323
12084
9250
12437
4209
17690
16644
1432
280
4411
11344
16858
17148
7737
1938
17286
12871
5103
8647
482
7068
5333
13565
15808
15730
7605
16309
14553
17978
7424
8105
2004
3472
8554
4297
2529
6040
10685
12941
10718
17506
6030
5931
4190
17075
1000
7301
1104
8546
489
9986
15715
14508
7863
3294
8804
10151
12466
18065
6449
2192
9747
5337
16991
7411
11778
15874
111
4466
14555
15813
3571
7708
4880
15417
7187
17759
15826
4836
15506
13225
10409
14233
16560
17209
13808
15751
12429
3264
10951
9386
11562
3331
3351
919
2602
11
10080
10594
10462
14857
6417
5247
11002
2528
14429
10512
4770
1607
1482
14200
15252
8988
9497
15008
8685
13901
4501
17054
14173
3831
4705
13942
1314
8654
10782
5896
17344
5664
12303
16086
16238
1011
11814
15443
16588
17416
17975
12705
5120
7637
5448
6864
789
17562
1301
17681
10147
5352
8058
7823
1300
5217
11723
8319
4140
12645
6523
14713
6908
3035
2108
6039
12434
16629
852
5920
526
15474
10803
2877
10486
7727
8075
14317
11699
8242
5581
6811
17880
9238
16004
16167
3504
4950
17943
12959
7363
2571
4841
6774
9972
17575
14053
7136
16846
4951
6952
36
13113
13003
9836
1071
9852
11374
550
14097
15262
8043
5093
17242
7538
3174
4366
16061
775
1970
11250
11161
5501
2380
13007
10432
7749
10459
10715
17563
9140
14074
932
8257
837
6043
13839
4412
12102
8352
14575
17485
14087
1475
1009
8227
11049
8539
10787
16396
673
4597
15250
7132
14944
5848
4703
8598
15852
7845
11152
9751
713
8846
13417
2650
2769
3885
14879
14904
11607
9850
10193
7932
5553
10530
12073
3308
9279
14207
4792
16886
3947
16382
8790
15702
1225
12464
16420
5395
2845
14551
5322
13477
5207
14636
13995
7118
4860
9999
17219
2438
11764
11937
8387
15149
5894
14115
4088
7616
11823
16147
9033
1342
15198
15564
7297
14634
11883
15767
14136
872
14992
17568
13917
5590
6728
17379
13010
10731
12696
1724
10965
16936
2758
9256
496
15041
9635
1865
1077
10945
7318
3316
1030
1162
9942
14726
333
12427
9562
392
14196
11922
13914
1061
14332
15353
9510
6464
17030
9709
7806
12919
10204
458
5342
2935
3994
1849
1707
14791
954
6494
4234
3004
4202
7426
12267
17226
7520
549
9430
10562
8914
13645
4429
10425
1025
14838
3083
6532
8780
14586
13847
10935
10645
15263
17071
3007
15324
9902
9309
10276
10759
18094
253
17039
339
9500
5361
6703
16604
15025
7990
12644
17101
15445
16827
15327
7371
14243
15320
9388
14285
4821
17949
9133
5784
7900
12874
4264
16912
3640
10288
16060
10148
16358
6267
4861
7828
964
1975
13356
3418
13152
297
6278
6635
13438
4132
11790
12104
16152
13849
17161
8763
3212
8716
11783
4789
5994
5783
13742
668
1246
12926
7544
12925
11849
15067
470
2726
11894
2070
17824
468
11561
5757
13105
6856
288
13967
12501
9874
83
1470
12754
17586
4608
9645
14318
9947
16282
3634
13814
13788
13218
16697
8340
4949
10822
8463
11365
7279
7530
12664
9403
15718
18012
16364
1091
15157
1874
7050
1452
748
5683
3561
2202
14748
14758
7254
9738
8730
5291
10379
14099
283
16153
12089
15479
15123
994
8729
10113
11370
13032
1988
7472
2525
3544
14398
13050
14720
12526
12818
16072
10282
474
17839
3190
12957
15986
3803
3778
15608
10897
11528
13887
11515
497
17793
1887
11070
1609
15727
10027
18082
7766
14997
15942
8140
15378
6333
17958
12140
1987
11155
16931
12704
6315
2687
12903
5518
7561
17255
1755
10831
4273
9333
15600
4223
8338
11644
14108
14455
8667
17853
4991
6452
8506
17459
11366
15321
14538
18091
12085
9844
10022
12750
3390
2993
5690
5155
15643
2597
2904
575
15124
16489
1483
7687
11600
14506
6513
906
14880
16433
3510
6878
13402
11009
16899
14886
3647
16149
13919
4504
6479
11488
10050
8183
15680
8135
12977
1399
9661
4332
13061
4145
3849
17222
9039
1466
6777
9464
6567
7246
13466
4415
11286
11944
5786
8932
17332
2958
7142
4153
14950
9046
11598
14536
12368
698
3594
2990
5675
4732
17888
14185
6336
17111
970
6574
9024
1577
12045
17757
15212
11538
3006
7040
15672
9192
17823
114
5601
8750
1430
8120
2779
12456
1994
5668
5099
8855
11711
7564
1721
13287
16883
3024
8966
1690
6294
6393
14534
15496
1060
12688
8374
976
10183
12296
17117
2566
8645
2997
15982
17063
16594
2420
13209
4565
10232
204
15053
12679
9255
8543
4113
11130
8720
2244
4363
1509
12956
14680
498
578
17203
10937
13984
15191
17049
11017
8541
12500
11646
16891
567
16870
7559
11516
13836
9242
1340
8815
7158
6476
8972
2840
11133
16654
17803
1465
4820
6736
586
8283
14387
5940
10280
10533
10177
11301
5771
2969
14068
11212
11772
12433
10303
11545
3249
7578
7663
1276
16078
13751
15857
13266
5062
14769
6930
216
11233
16790
17707
6590
308
7649
2264
1079
3690
3545
12441
1698
12011
8553
2037
14920
13057
15341
17294
11890
4552
11118
17351
11812
12435
5464
5912
15029
6155
2262
14102
2644
11613
7201
15657
16878
13743
14937
10343
5899
11773
11027
7244
9367
11117
13538
17741
17408
14931
13428
12658
4073
1830
16483
27
5188
16656
6405
390
14728
12110
7792
386
13590
8370
7624
17440
16799
6344
16139
4769
6789
10030
3137
14571
9460
1446
17631
14432
2780
12593
16944
108
3486
12840
6943
9768
14175
6741
15977
4891
9001
10789
10159
7609
11946
9676
16670
16270
4321
5310
17043
4679
16468
948
7945
12111
2373
6533
12577
4188
5216
12165
9207
11282
1268
7307
11100
3227
2561
17783
1556
4569
10677
3692
12820
6734
5747
10036
7650
9976
13150
11665
854
9951
2157
11728
17059
8884
1924
6962
17526
1345
14163
14520
15217
14290
8206
9282
5855
6212
10988
4916
15342
12088
8118
4895
11066
15146
2772
13669
11866
17301
2329
10688
2668
9080
16075
17574
7642
17308
4637
5117
10592
10034
5857
15455
17121
8111
8781
1642
16951
14017
11482
5577
13526
4432
15714
16661
5528
2328
8638
4154
11267
17666
16685
5762
2026
6
13091
8590
2215
16746
1773
11216
10421
17622
11733
16614
6705
10251
1910
8678
3029
17822
4456
15873
14238
299
14063
6964
145
5869
13009
5561
9815
15598
408
3008
16730
9048
16739
16424
13217
13658
3915
10684
17058
4443
7995
8320
9516
725
857
14549
18008
10186
7598
6683
15057
17419
5083
9380
7847
5278
14388
1647
16328
17893
14866
920
1657
9102
11203
6319
10957
17712
10442
11667
5706
13416
17369
154
4237
16925
10847
9164
12163
13711
7949
16297
14125
10781
14065
6896
9213
15007
14300
664
9620
11427
10528
2282
4320
14539
8608
11582
210
16471
2355
14258
10950
3515
9837
12793
3549
12653
12138
11019
17056
2719
8458
10291
17053
1265
17544
4172
6026
7058
4372
7678
17504
2014
10585
12870
3346
12269
12099
4201
8472
12743
14331
16814
2232
17520
2028
5705
9222
10150
18089
3022
11354
2391
465
17346
1315
17608
12389
7143
12763
1049
12041
7963
10707
17800
572
5356
11925
3799
11609
595
7604
4691
8567
12510
11206
13029
10117
11323
15472
1024
5331
3927
10020
16701
13880
9810
2305
3598
17118
3916
2671
7726
3924
13059
12370
11333
10056
14286
16613
13142
16234
17376
14982
7972
968
14656
18081
12065
9707
15106
16593
4911
13083
1099
9667
3422
17798
76
16815
12367
6731
13525
6702
17588
2721
12049
10914
8664
9199
10664
12474
7225
14905
3963
11082
16914
8759
3353
4075
1680
6370
17761
7777
15298
543
2638
5229
1380
13379
14470
11447
12885
7010
17509
4739
3368
8768
7323
3533
3673
16617
15502
13553
11618
14882
17467
10982
6112
3149
17564
1921
14188
14573
17417
2587
9841
14169
9028
2608
8839
5091
14839
11192
13170
16809
1760
3202
10771
2794
12350
2613
8905
17487
11175
6778
599
12034
10199
11807
13773
1871
10526
14725
6920
10740
16955
13714
12327
11597
18049
2559
14109
18076
1877
147
12478
7034
6346
15370
13302
16755
17171
14663
16969
1098
15609
8770
2368
2961
16784
4309
14049
10473
9399
7529
10764
5691
14095
10033
15139
9139
7783
1758
2838
15390
6858
6492
13271
9631
3903
874
5184
94
110
8542
4270
12066
14183
3879
13098
10361
13207
369
7275
7390
13661
16715
15402
15010
4518
12467
9458
13112
12059
17014
5005
12747
5088
17605
8826
15829
15478
6912
8740
17125
14247
2630
8767
1154
10430
17972
9196
3814
10903
11571
2273
13084
4645
17644
11132
3248
12839
1010
17284
4545
1852
14465
9802
17519
3751
8056
14981
1580
10039
6530
5983
15901
13549
13818
9263
7074
15652
13802
10328
10467
10743
13618
4230
10237
5861
14890
2514
3151
8746
3285
4101
6860
5948
5797
15381
376
9575
15934
7385
6615
11240
15863
7894
17088
6456
5951
7857
15398
16867
11109
5743
1787
10716
8066
2707
14485
6787
15655
9785
15073
7267
16737
12585
13042
13136
2076
12742
7233
8757
5462
15431
11815
2271
9114
13338
3128
2164
14617
5772
12043
6450
14305
9069
1780
6596
1227
7218
15369
774
2170
8970
13558
10634
323
1518
10375
3369
4098
8231
12058
10581
18069
11249
1336
5295
17244
11703
3041
10814
863
10704
2517
9555
10644
367
8955
7850
9363
5606
4071
13439
15611
18053
13546
10319
17147
16665
2942
4909
17025
10304
557
9651
1047
15195
1586
16330
20
4943
8253
4533
15891
6127
17717
7951
356
3715
14256
11136
8614
16540
1497
10064
6775
13619
3246
15400
14698
14466
9574
16428
1228
885
5254
17951
8306
3548
8073
8124
5208
10709
10629
10258
12168
12876
14837
1592
8097
4227
1371
13605
2949
2279
15931
14328
15712
940
7882
12156
4748
3730
15203
16204
8686
2455
4517
16711
13126
6025
6819
5109
4149
11637
6963
14509
9441
17149
12482
8488
2300
11796
8004
827
14458
17891
10609
16681
15268
3627
862
379
11918
37
7770
1059
5381
8494
7250
6063
16821
2982
15307
6872
4176
11144
6886
6239
9698
17991
15818
15476
11525
1819
2757
13235
15676
16334
16158
8885
3474
11430
8659
10823
8640
10571
15522
5986
15254
16600
17747
12932
8792
9787
12394
7632
13633
5036
3119
14234
9113
10882
1135
14187
8683
17640
12134
4662
17996
1964
3853
6862
15737
4602
4635
13296
16092
14223
2478
7306
14061
8882
1379
1949
3311
3437
11671
8170
17582
7939
5488
15900
4093
16551
15939
17674
5212
141
6426
665
224
8196
2708
2624
3702
823
1358
16549
5937
10091
8854
17749
14624
1533
1689
16662
2245
2200
11893
16257
16438
8937
9149
5073
11425
4131
11342
3442
15133
16791
11406
15185
4851
14821
2807
5070
2714
10773
2047
11102
5511
4344
16596
14371
2127
16618
14768
1012
17614
13426
5997
10651
5025
3830
12112
5610
16392
11107
3828
10877
11555
11712
734
2360
7970
2287
4284
3372
10292
9051
8025
11970
10161
17463
473
9613
16824
17447
17265
4912
17728
3454
7614
13939
5725
3053
3287
4556
1507
13401
11581
17977
11520
14003
16108
15239
2827
17044
2062
6382
2332
9636
13328
1094
5158
2451
9875
10202
12401
15623
15352
4390
345
17267
7449
11990
14712
15671
11805
15797
15171
11339
4319
11382
1544
96
3415
15319
875
15686
12113
13240
8156
8166
13832
10054
10233
14714
6843
10748
9084
14111
6647
12636
11238
14211
2895
1392
12722
11030
16289
13694
716
1768
10841
10017
6887
1370
10478
247
1568
4822
4066
17066
16119
5952
10138
10766
8451
12282
5334
1190
754
15579
10190
13505
8386
8108
17431
3201
13918
3009
5053
4670
2119
11180
3260
17407
10780
1783
11511
5460
4133
6023
11698
7317
10414
788
3553
6304
12796
6557
12570
6737
2955
7891
13965
13318
15491
4147
5936
1272
17819
5974
8717
14044
13128
14990
6372
12791
7513
7464
478
1088
5533
14313
12566
8141
15322
3818
16068
5555
5387
5635
10607
7946
10689
5903
4183
15359
3900
2361
6799
5319
14957
3367
12208
10633
16717
14382
15440
7027
15574
8967
5880
2744
8907
4763
14107
7978
11769
17279
2304
15583
16110
201
16733
684
12792
5338
17858
614
16355
16907
14661
3101
16999
16698
14579
7204
17627
13030
7310
5638
7406
11813
11740
5794
441
13750
2005
3845
7438
9688
1610
9286
2315
3298
6116
12376
10387
2195
11068
7483
6768
5702
16431
10451
9235
4017
13228
12529
14807
17410
90
5167
6828
1708
213
10503
8853
15100
13114
14519
11147
6620
2266
17402
3377
13484
13494
1056
9442
13133
14082
4731
131
2237
5832
1112
15886
8258
16696
11724
13159
10968
9863
3820
1896
9929
4315
9163
18045
286
15515
7646
15589
13759
10510
7803
7480
12114
7712
16195
1369
6628
16335
14180
3096
3771
13227
7958
10250
16884
18083
9387
11061
14772
15394
8093
4022
9617
6486
449
2356
3674
6255
11054
13305
3332
4591
1931
11094
5249
11797
14266
6209
15512
16865
1520
3954
17933
7657
4538
6824
16449
3342
15286
16175
11262
5613
223
12176
4956
10506
1458
10523
6801
4702
2428
15416
17277
8963
16077
9873
11926
5012
13411
4078
7694
1881
9934
3930
6671
16359
10377
14899
12403
14279
6246
9512
5659
5971
13959
12547
3787
5437
12173
11297
604
8486
7815
2662
10205
5345
7339
1356
11692
10372
13573
16510
3360
1404
17534
10402
5984
13430
3898
3265
3142
3482
7707
11293
11241
16010
12476
4725
11664
7686
16544
5234
16427
17720
15814
1605
13794
10171
10601
13506
5358
13644
9161
7409
4213
14578
12241
662
16442
7837
3648
4805
16124
889
9943
5079
452
9690
4995
10452
17412
8425
13962
17926
5565
14381
12945
209
17989
13423
17558
6805
13859
1305
14672
7219
10668
13420
13764
722
7904
17525
16497
8478
7658
15533
8871
6978
16045
7731
5699
2634
11887
15644
7375
11563
9961
16174
17496
871
16192
16009
11013
13800
17027
5633
5296
10808
12590
5680
1637
17152
9893
4467
4430
8523
17018
9185
16504
4827
13121
4879
16278
9032
13144
11863
3745
5399
13172
15991
4752
16361
17988
5733
11874
4993
16849
16049
8036
3971
3464
13419
15549
9697
17283
7131
11638
5428
12512
8332
14226
10994
2596
1046
1855
1714
7673
10676
10077
2148
17263
17069
9561
1765
10189
5335
14255
11505
13047
12915
14662
8984
17725
14348
15963
4724
11619
17366
7016
11439
15614
3710
10635
1683
4210
12993
14892
3967
3581
7177
16418
7017
11934
7099
7124
8098
10226
8827
11060
12560
15097
11314
10922
12096
6693
7809
14457
344
10851
310
11385
3252
7899
10426
1582
7259
8533
11273
7322
4676
17992
9833
13127
15287
8682
14142
13252
8635
13497
5444
2020
3430
1200
16942
17883
9057
1213
2718
16161
2560
6612
12090
8849
15560
9757
14832
1334
10620
6882
4451
2201
1843
13295
12642
1932
14246
2255
14191
13097
16142
13895
7509
504
10179
15022
11576
11770
17797
3654
5011
1414
13969
4004
6069
1183
16532
5204
8194
1394
15128
5336
797
8234
10521
16645
3802
14850
14334
7613
9531
12133
7023
1151
6050
16
17753
10332
7350
13339
15108
3339
17589
2581
842
9248
5695
2599
16571
2458
8426
13075
6117
10578
14930
2809
3790
10665
9395
8161
17953
13682
1187
17937
11503
10307
9499
5759
3951
12295
14349
11716
11380
17779
1121
15237
11831
8692
3228
16735
4479
6735
4559
14754
10504
10749
4802
15427
11287
13307
3221
163
935
518
11149
6944
5531
3754
10959
11541
17086
15938
14870
9679
3981
8866
10958
10505
13478
5078
3631
16259
9821
16950
12440
16311
7183
16959
11276
287
1909
701
12105
3144
5307
5095
11173
10264
9145
12503
9402
3946
11652
10864
17396
11898
417
1146
14524
312
16099
10583
15109
2550
3835
16847
15949
17535
8648
10701
17099
25
1441
15448
15855
4571
615
7594
3542
9891
16103
15757
3447
4733
1354
2983
2897
7046
7917
8660
16806
5516
15125
17259
4988
16535
17743
12771
11558
1449
11429
6392
5987
7829
7843
10364
13231
4143
7116
10801
4238
15192
9995
17457
10335
7746
588
3726
15181
6470
10083
10605
16084
7660
14759
8609
12445
11178
1282
1873
9749
11892
16731
11702
9156
6866
3618
17361
17442
5924
687
11675
4563
4778
1255
13502
16816
11951
15302
3345
8643
12330
12353
1131
3054
2416
13683
6817
16452
15912
86
10838
15962
6418
12131
2578
7553
4655
8948
3734
13556
1035
11593
10252
3755
9954
3791
10358
13882
17380
15215
6928
3901
429
2887
4095
13631
15716
6181
6895
13118
10624
519
13734
16525
5515
8861
17693
11543
17750
13200
5629
10001
14616
1119
937
1500
17624
9725
5010
11329
12205
15557
7203
11259
17556
6561
11045
16844
1221
3340
6662
15368
1303
7643
13677
14501
16704
10619
15526
11137
803
9771
6389
16956
10211
9417
6384
14611
11924
13456
9343
11837
6868
1188
11891
5740
7764
2155
10253
2859
15425
7666
7258
1134
3039
16803
17548
2770
7640
12465
5760
4723
4
8800
3140
9769
12481
11246
11031
3272
12955
11145
119
17353
10732
1050
815
529
17805
12255
8689
5182
6838
8840
7
11750
6643
11189
17629
15459
3838
8557
10640
2768
13326
3028
7388
12739
1326
14984
11697
12522
1051
14152
15331
11171
1287
8990
16241
15503
2293
3554
15518
7508
11656
6599
15347
14249
276
16166
3522
14157
2771
17952
14428
14750
769
7084
8301
1620
12589
13413
8888
13580
14640
16339
112
2468
320
17795
17683
15978
17703
3064
2267
13868
13747
4717
11154
9042
4628
11535
15698
8293
2425
13713
10563
1528
11878
13761
14326
191
14039
8476
2035
16274
1679
4824
7416
16640
16927
7531
3912
3301
11994
6654
13300
13043
11157
980
5086
10126
7038
8290
455
8733
17950
6183
11530
5975
15303
17462
7739
9017
3637
12864
4831
5000
11325
14140
922
3812
10370
8252
16776
7165
16229
1751
7595
10904
7700
10330
1991
4374
8601
16300
11906
12250
3154
2541
10299
5599
13603
7948
6318
15520
15172
14315
3076
2702
7825
16138
9379
7839
5220
7443
8522
9644
9308
8656
3993
11215
9618
17215
11063
3350
6491
15670
9455
15396
17971
3503
278
9253
8828
10927
873
15058
13354
5004
16788
900
4006
13723
10741
17802
13843
13334
6145
1999
12506
2132
8084
1288
16144
14684
3713
12052
16854
5839
4225
16416
1156
6421
9878
16923
14091
2346
721
11222
15118
6446
15970
7698
14122
14674
9971
9572
4735
11845
8975
14648
10730
8873
11278
2156
4660
11232
16911
15889
5251
1550
16526
938
3984
11271
15201
472
15803
15137
11683
6374
10858
9616
17476
12274
14267
15989
10850
17420
5859
15202
9122
11051
11211
10210
14057
6037
8579
5163
8295
7539
10596
5636
3279
17511
9070
5029
8924
2913
7313
4560
15571
9696
2732
6215
14583
13662
13594
1058
3701
16255
11869
9096
17151
7049
17123
10484
6941
17817
6188
15175
15345
11112
8019
8568
5069
16868
18062
17919
9589
13902
11169
10498
11645
11201
679
14280
7653
15232
15373
15346
5803
11489
7019
2058
2797
1312
8180
12123
4593
12095
17120
4328
15110
17087
1480
8475
9611
13214
2230
1828
10279
7908
15141
10595
11003
5045
14776
2470
5209
5928
5470
164
6566
1479
9352
7541
7591
9095
16940
10733
17864
11298
1063
9923
5003
13341
12928
327
12340
8756
6996
11056
5256
15749
17796
4246
9977
17248
10283
6554
5650
3910
3608
3780
9324
14916
2494
5897
6949
898
8508
597
1032
5174
12070
15285
14709
11848
16071
4987
10692
5554
12154
11458
6560
12635
1767
5530
6793
9098
17590
9294
10560
7921
2246
6958
17324
747
11843
3127
8580
11303
9646
17350
15482
15854
2521
10090
15328
6010
12398
8148
6150
17328
4317
2747
5717
12153
12568
14562
11258
15577
16903
8728
12553
4386
15473
9781
4046
16676
105
8701
7174
2115
12525
13784
732
10566
4914
6826
14029
2496
16290
16091
16053
10793
16673
12170
3592
5543
14604
4231
10693
17628
8786
17970
6747
12265
9740
245
4510
18103
10236
4727
11802
17735
2220
3563
11674
16372
3214
11431
3182
17686
9025
14138
9322
10097
304
5884
12850
2696
13141
13851
637
14673
12785
7312
1473
17023
2480
618
3558
5087
5081
3058
1448
11625
14274
13903
6270
7768
14641
16523
8677
11653
3336
1054
17449
12042
5701
11508
5332
10617
3493
12125
5165
11034
5055
12614
11457
18071
4745
4447
2436
2577
12827
17776
7833
10424
13596
10809
6542
16226
15953
5452
13304
4092
398
16954
6364
241
10435
469
6575
3587
12662
10792
17986
12317
12983
15894
14505
9031
3183
15602
3643
1845
4119
3729
14073
7524
17481
16843
16938
16474
11689
8957
6122
6797
10659
9000
10245
7722
11588
12248
9867
1790
12280
17484
9188
10155
10492
15673
4015
12805
4003
17617
5115
10932
6695
6739
10180
17236
11404
14908
828
9753
9490
3126
16040
12877
8485
6402
2938
10456
17581
3811
13680
11139
16871
13243
1811
2959
3589
1126
9798
13391
481
5785
14710
14369
4038
3636
9653
17260
6954
1635
6857
11244
9532
16141
11452
15943
2389
18043
8745
15009
15505
13403
11658
5046
9266
12561
1564
17154
12996
3513
29
12845
4603
16674
16422
15948
3152
16589
12652
3760
14217
9793
14071
13976
2972
2140
7178
13313
10675
16439
16796
4621
8751
11577
1355
12184
733
10418
12901
13264
1445
8974
17489
8045
8173
1324
1170
1002
18060
1329
14934
5804
3655
15469
6652
12608
9542
11610
7679
15555
9127
12273
342
17155
9073
7156
13280
2401
952
11806
6327
14343
15168
12578
15732
4944
5197
12209
9412
5742
7879
3810
5639
6910
12094
79
5681
10060
12391
2951
14560
17894
10290
2048
3027
3759
16159
2607
9924
3475
10589
6225
11700
3718
3056
10829
8087
10889
284
2084
11399
16855
9391
15631
12463
5769
793
8578
14129
13182
16156
16066
14893
14467
11810
5612
6041
14921
6955
13480
3615
182
15348
1252
15775
394
91
14755
10002
17818
14802
1866
16457
15055
16482
5913
11568
14919
7773
3529
11782
17751
2308
15784
2172
1752
14657
424
12759
4904
14507
8772
10758
4293
4894
13199
12837
3699
17360
10835
13399
6472
15822
14144
6766
2957
3052
15613
9548
6233
8832
11786
1622
17960
8940
13736
14938
14572
2463
4973
12896
7067
9643
14700
15012
396
7506
1651
2795
891
17159
82
1709
8077
14400
9257
16047
15796
8390
231
9892
7471
9982
1662
12521
4028
15807
4753
706
10860
4465
9628
11377
11792
6262
9579
2552
630
840
5576
801
12891
16501
6535
9677
16407
5059
3509
9298
16985
14159
7745
592
6285
15634
13487
4268
1450
8564
12462
14265
4780
168
8188
8837
17450
4810
11381
14822
6068
3185
3794
10195
4688
14729
10736
16042
17254
3476
15147
2351
4425
14339
17861
1565
8782
10734
2173
9492
13943
12599
413
15662
9053
15765
11512
17857
15340
17576
9671
1411
10069
3731
10575
12405
12670
1697
14104
13518
10127
10590
7015
10228
3217
15355
14670
7925
11272
13130
13192
7090
10711
535
3306
1699
17906
11124
9495
13896
17002
8652
14590
2746
4096
17553
17385
11441
5080
1917
12999
3957
5493
12254
1176
7423
15920
13145
12308
12779
7852
2783
15088
17378
16578
13168
8886
5507
9568
15871
9744
11624
11969
9533
9522
16651
17028
1003
10890
15816
9176
7368
14309
9727
6697
14345
12858
14896
15418
4809
107
11552
7791
14164
16841
14199
12596
4094
3807
12006
15883
16820
15071
8003
15879
16398
8796
15384
13443
5317
8378
6387
12349
12418
3018
13074
17727
15958
8401
8299
2088
4786
3891
17618
15819
17074
13139
15913
10826
1433
14699
1519
391
555
1498
15054
10496
8154
6016
12031
15967
6875
12331
15080
8445
10469
3296
7234
14320
5298
43
8612
15798
15318
1542
7906
9904
6999
844
6424
7065
4087
8719
16492
12752
5641
4974
13607
6147
12325
3870
12193
17965
11078
14595
9835
5539
10259
10286
12378
9128
6929
11800
10919
13704
5798
9536
15150
16391
5189
10813
8847
14067
651
7848
13056
6586
7147
347
13924
1892
17490
5269
5682
6268
10961
15375
3646
16122
16370
10996
15339
15098
3520
3471
17046
2033
13504
2830
10038
10368
18058
1678
13087
1033
15937
8521
12819
14739
10797
3200
3105
5443
993
7366
17580
12044
5926
10833
17601
5852
16582
608
13347
6480
16425
10984
6466
64
3973
7599
2921
4925
4254
705
4740
17569
15809
4540
759
10352
13085
4312
10381
74
3236
13634
5272
6825
12703
477
7952
16517
15338
7548
13322
13408
9784
11633
3940
16243
16585
14771
17413
15234
4659
17714
15293
17675
14257
10163
1616
8577
9323
9344
1789
7176
8923
11986
10094
18022
3622
16832
10529
4604
4980
16247
10348
12365
2667
7794
10532
16088
14242
1294
2908
1384
11193
13991
12927
1277
13876
6083
6024
4654
612
15244
3781
10407
2844
9320
4177
16993
16448
3254
16541
18046
16041
7568
3426
5818
15467
11574
10559
1935
10315
8083
10471
12020
5287
12738
17180
5430
4057
11548
17388
3412
2013
11023
10905
9779
3758
4829
3733
12222
14410
13289
13117
13288
15664
3682
11519
5801
15018
13388
14170
13088
12375
14204
3894
2383
16459
5788
13308
3546
4626
12989
6234
995
12995
4034
17389
15681
5375
3872
8920
10593
5456
14962
9994
7052
17898
7881
5600
15992
10767
10015
10508
18061
4300
1080
5219
10946
9211
10271
9155
14865
11880
11884
13889
5521
8497
16988
2426
3697
11446
3943
5135
6028
15084
3514
3625
5139
17499
13533
4144
16516
13726
5111
9468
1914
9446
14038
5397
9794
7327
13204
8911
9205
12234
5480
8461
7089
5374
9549
13491
6337
784
8602
1806
8653
17613
16185
10874
14268
12344
4897
13060
15183
3537
298
17278
13390
10187
13496
10885
13140
13522
4180
2851
10404
12160
6224
200
7192
2914
13111
5990
1876
14046
7623
2072
2275
357
1461
12438
2439
17876
12048
3059
5813
17282
13373
7714
7241
13462
17456
11655
14570
9864
10702
899
2449
15593
10463
1103
5463
17202
16143
16531
1075
264
4168
17695
17503
5403
807
5431
17505
798
13983
5368
11041
17518
12227
2985
10816
88
16729
6979
10301
9435
2222
15311
17245
10062
15050
5385
11312
10040
15086
11817
7171
1171
12191
10976
11279
401
4818
13907
7960
9573
16272
5225
17211
9407
11209
12920
15296
9775
6732
13348
14599
1899
13345
14581
2003
9926
12974
3736
834
9355
15811
1705
16564
6099
397
10215
3952
16490
7451
12428
11436
126
4178
9356
12005
13178
16279
12139
2143
10041
9966
10220
9152
6154
2435
10848
3763
6758
5290
10836
12299
10026
16834
3764
7603
12905
13996
9960
16943
13671
4898
14177
3539
14281
3286
8175
16699
7639
1552
11015
10423
10373
5442
1245
8915
8419
5976
826
11435
11407
690
9501
8904
16455
6527
1521
8803
15276
4687
11494
15820
1331
11471
12709
9853
148
10129
5843
10818
4339
4859
879
1055
5523
7249
10887
2495
3450
560
13021
6540
5002
14464
7271
9656
7718
16706
13781
14918
13719
861
8949
9595
7169
6368
3934
1743
14270
14269
11825
11533
14500
14493
15922
12760
10855
16892
8313
3145
12851
2614
9946
14732
9276
1431
2509
12408
12734
15717
3793
1795
9585
14939
12695
5698
8574
8377
17998
11069
3911
13138
17264
7838
2128
4992
10066
16082
9990
7785
12457
10930
5206
11022
1816
4638
17072
2162
16477
15569
9137
17119
2856
14117
11143
17981
16528
9306
16664
11252
10670
13756
2533
7981
3413
7800
9672
10494
16493
10218
15790
16038
12878
11745
12473
10070
17452
6638
12171
11450
17138
16064
4994
10489
10753
5768
13563
12118
5919
3538
763
13161
14757
787
14148
2516
7976
11751
5369
5827
6706
7761
2625
2593
15713
10931
7376
16129
6716
10122
1920
1676
12488
5758
5351
14377
11285
13376
14688
13888
249
10834
3122
2209
6496
10412
13173
912
6291
13878
10470
3019
1333
12219
10639
10216
8551
3292
6763
11230
1311
9826
11059
6098
10293
6844
8956
443
17719
17400
13065
16727
12412
2016
4726
13109
2467
6485
5547
8560
11156
5407
4605
14420
7251
6070
15031
12291
17799
16869
1570
12188
4428
2096
17646
15426
7743
9487
833
12601
7774
11207
4104
15965
4832
6836
5215
3171
12046
5019
15709
101
16534
16782
16415
17319
6244
1950
13312
17778
17983
16240
4826
9901
5796
7691
9058
15305
2616
7685
4570
12004
11634
525
16627
2543
4701
10213
16244
337
10568
9483
12682
5481
15288
15945
12491
16235
16184
8051
15719
4710
2021
16546
15499
3550
4854
14530
16709
15271
4473
7992
6082
11741
7450
10098
15878
2301
5933
696
4771
12352
17615
14593
2194
6699
1532
17673
14278
10433
10118
15374
12882
16952
16419
3557
384
7106
13806
5101
2139
13822
317
14298
9743
702
17966
3756
122
9270
3120
5131
3489
17411
680
12216
11313
8212
15785
15632
1623
6603
4982
14655
5401
17740
1798
12769
10203
6160
14630
9217
9812
6592
3383
14675
7009
4537
5703
10338
1214
7889
11896
8961
5653
2298
4845
5537
17077
17785
9120
3068
5270
10398
17671
13693
14719
16178
6125
9427
2395
13716
580
15824
7076
8753
14437
4852
3421
17042
2370
14945
11744
3707
11780
7517
15972
13823
14026
3197
14054
15437
15471
13636
14351
10239
17394
1893
4794
7827
6680
6740
11776
6350
10647
2765
8479
1387
11822
12753
16964
13678
15422
1454
15354
8174
5446
9801
1889
15314
8493
13107
3166
7853
12544
14580
10627
10197
901
17240
12650
15703
12400
16679
10802
15750
5228
17313
4722
2781
14284
60
3540
7573
4631
14738
9332
5494
14020
16251
3196
5147
6621
12838
4594
15101
9885
2477
6899
15768
7974
14282
12606
15701
13431
14749
4112
17423
5138
14632
9718
14480
8200
6462
5218
11072
4286
4077
5221
2147
8943
4053
13701
4128
137
13292
10901
12486
12702
11151
7404
3087
3225
16190
14069
14322
1546
3892
818
10966
8982
7391
10415
15365
13689
5274
17630
9937
5538
14541
5753
2975
11768
4334
10169
3075
9845
5575
5594
601
14181
17868
4420
11910
13510
14550
12
547
3240
13206
5542
4137
9600
2272
4257
16276
4712
12038
15587
12202
4355
5777
1070
6942
10699
6969
17685
3108
4216
1128
5468
14292
5941
11213
17585
6546
17318
7465
14649
12233
10363
13406
486
3652
9908
11504
16859
3425
1659
15188
13797
8410
17656
7916
13211
1952
16288
876
10576
263
839
3668
10046
5923
8793
1846
7105
6404
7630
13002
8100
16387
1442
6675
3685
541
11428
7993
9608
11064
6482
1831
6792
11704
8986
11348
12498
16444
14906
8823
3530
2122
3416
4402
13681
16478
4677
671
1398
14205
11355
11506
6587
16429
5520
7924
15049
1535
15040
13581
1484
175
10242
5313
677
1014
17176
8536
3958
1165
2952
12166
9050
17492
11205
17616
12142
6588
5037
3186
11021
12548
18099
16319
9700
8282
15860
4336
12444
3420
13715
2099
15823
5210
10735
5364
9715
573
3645
2
7083
516
12347
7667
12603
2992
13299
3616
2065
9735
14592
12189
14384
11838
11984
11363
522
12263
6054
16253
10744
15487
9034
7469
3852
4422
